0 0 1
1 2 3
1 2,3 4
1 2,3,4 5
1 2,3,4,5 6
1 2,3,4,5,6 7
1 51,3,4,5,6,7 8
1 51,3,4,5,6,7,8 9
1 2,51,4,5,6,7,8,9 10
1 2,51,4,5,6,7,8,9,10 11
1 2,51,4,5,6,7,8,9,10,11 12
2 13 14
2 13,14 15
2 13,14,15 16
2 13,14,15,16 17
2 13,14,15,16,17 18
3 19 20
3 19,20 21
4 22 23
4 22,23 24
4 22,23,24 25
4 22,23,24,25 26
4 22,23,24,25,26 27
4 51,23,24,25,26,27 28
5 29 30
5 29,30 31
5 29,30,31 32
5 29,30,31,32 33
5 29,30,31,32,33 34
5 51,30,31,32,33,34 35
5 51,30,31,32,33,34,35 36
5 29,51,31,32,33,34,35,36 37
5 29,51,31,32,33,34,35,36,37 38
6 39 40
6 39,40 41
6 39,40,41 42
6 39,40,41,42 43
7 44 45
7 44,45 46
7 44,45,46 47
7 44,45,46,47 48
7 44,45,46,47,48 49
7 51,45,46,47,48,49 50
7 51,45,46,47,48,49,50 51
7 44,51,46,47,48,49,50,51 52
8 53 54
8 53,54 55
8 53,54,55 44
8 53,54,55,44 56
8 53,54,55,44,56 57
8 51,54,55,44,56,57 58
8 51,54,55,44,56,57,58 59
8 53,51,55,44,56,57,58,59 60
8 53,51,55,44,56,57,58,59,60 61
8 53,51,55,44,56,57,58,59,60,61 62
8 53,51,55,44,56,57,58,59,60,61,62 63
9 64 65
9 64,65 66
9 64,65,66 67
9 64,65,66,67 68
10 69 70
10 69,70 71
10 69,70,71 72
10 69,70,71,72 73
10 69,70,71,72,73 74
10 51,70,71,72,73,74 75
11 76 33
11 76,33 35
11 76,33,35 77
11 76,33,35,77 78
11 76,33,35,77,78 79
12 80 81
12 80,81 82
12 80,81,82 83
12 80,81,82,83 84
12 80,81,82,83,84 85
12 51,81,82,83,84,85 86
12 51,81,82,83,84,85,86 87
13 88 89
14 90 91
15 92 93
15 92,93 94
15 92,93,94 95
15 92,93,94,95 96
16 97 98
16 97,98 99
16 97,98,99 100
16 97,98,99,100 101
17 30 31
17 30,31 102
17 30,31,102 33
17 30,31,102,33 34
17 30,31,102,33,34 103
17 51,31,102,33,34,103 35
17 51,31,102,33,34,103,35 36
18 104 105
18 104,105 34
18 104,105,34 106
18 104,105,34,106 35
18 104,105,34,106,35 107
18 51,105,34,106,35,107 79
18 51,105,34,106,35,107,79 108
18 104,51,34,106,35,107,79,108 109
19 110 111
19 110,111 112
19 110,111,112 113
19 110,111,112,113 114
19 110,111,112,113,114 115
19 51,111,112,113,114,115 116
19 51,111,112,113,114,115,116 117
19 110,51,112,113,114,115,116,117 118
19 110,51,112,113,114,115,116,117,118 119
19 110,51,112,113,114,115,116,117,118,119 120
20 121 122
20 121,122 123
20 121,122,123 124
20 121,122,123,124 125
20 121,122,123,124,125 126
20 51,122,123,124,125,126 127
20 51,122,123,124,125,126,127 128
20 121,51,123,124,125,126,127,128 129
20 121,51,123,124,125,126,127,128,129 130
20 121,51,123,124,125,126,127,128,129,130 131
20 121,51,123,124,125,126,127,128,129,130,131 132
21 133 134
21 133,134 135
22 136 76
22 136,76 33
22 136,76,33 137
22 136,76,33,137 138
23 139 140
23 139,140 141
23 139,140,141 142
23 139,140,141,142 143
23 139,140,141,142,143 144
24 145 146
24 145,146 147
24 145,146,147 69
24 145,146,147,69 148
24 145,146,147,69,148 71
25 149 122
25 149,122 124
25 149,122,124 150
25 149,122,124,150 151
26 44 7
26 44,7 152
26 44,7,152 153
26 44,7,152,153 154
26 44,7,152,153,154 47
26 51,7,152,153,154,47 155
26 51,7,152,153,154,47,155 11
27 156 157
27 156,157 158
27 156,157,158 159
28 160 161
28 160,161 162
29 163 164
29 163,164 165
29 163,164,165 166
29 163,164,165,166 167
29 163,164,165,166,167 168
29 51,164,165,166,167,168 169
30 170 30
30 170,30 171
30 170,30,171 32
30 170,30,171,32 33
30 170,30,171,32,33 137
30 51,30,171,32,33,137 172
30 51,30,171,32,33,137,172 173
30 170,51,171,32,33,137,172,173 138
30 170,51,171,32,33,137,172,173,138 174
30 170,51,171,32,33,137,172,173,138,174 175
31 176 177
31 176,177 125
31 176,177,125 178
31 176,177,125,178 126
31 176,177,125,178,126 127
31 51,177,125,178,126,127 179
31 51,177,125,178,126,127,179 131
32 180 181
32 180,181 133
33 5 152
33 5,152 154
33 5,152,154 182
33 5,152,154,182 183
33 5,152,154,182,183 155
33 51,152,154,182,183,155 11
33 51,152,154,182,183,155,11 184
33 5,51,154,182,183,155,11,184 61
34 185 19
34 185,19 20
35 186 187
35 186,187 188
35 186,187,188 110
35 186,187,188,110 112
35 186,187,188,110,112 189
35 51,187,188,110,112,189 190
35 51,187,188,110,112,189,190 116
35 186,51,188,110,112,189,190,116 191
35 186,51,188,110,112,189,190,116,191 192
35 186,51,188,110,112,189,190,116,191,192 193
36 194 186
36 194,186 188
36 194,186,188 112
36 194,186,188,112 195
36 194,186,188,112,195 190
36 51,186,188,112,195,190 116
36 51,186,188,112,195,190,116 196
36 194,51,188,112,195,190,116,196 197
36 194,51,188,112,195,190,116,196,197 198
36 194,51,188,112,195,190,116,196,197,198 192
37 199 156
37 199,156 200
37 199,156,200 105
37 199,156,200,105 32
37 199,156,200,105,32 103
38 201 157
38 201,157 35
38 201,157,35 36
39 202 203
39 202,203 204
39 202,203,204 205
39 202,203,204,205 206
39 202,203,204,205,206 207
39 51,203,204,205,206,207 87
39 51,203,204,205,206,207,87 208
40 209 102
40 209,102 210
40 209,102,210 211
40 209,102,210,211 212
40 209,102,210,211,212 157
40 51,102,210,211,212,157 213
40 51,102,210,211,212,157,213 107
40 209,51,210,211,212,157,213,107 214
40 209,51,210,211,212,157,213,107,214 215
40 209,51,210,211,212,157,213,107,214,215 38
41 30 31
41 30,31 76
41 30,31,76 34
41 30,31,76,34 137
41 30,31,76,34,137 103
41 51,31,76,34,137,103 35
41 51,31,76,34,137,103,35 216
41 30,51,76,34,137,103,35,216 38
42 217 218
42 217,218 219
43 220 30
43 220,30 31
43 220,30,31 32
43 220,30,31,32 33
43 220,30,31,32,33 34
43 51,30,31,32,33,34 221
44 222 122
44 222,122 126
44 222,122,126 223
44 222,122,126,223 151
44 222,122,126,223,151 127
44 51,122,126,223,151,127 128
44 51,122,126,223,151,127,128 224
45 225 44
45 225,44 57
45 225,44,57 5
45 225,44,57,5 226
45 225,44,57,5,226 227
45 51,44,57,5,226,227 155
45 51,44,57,5,226,227,155 184
45 225,51,57,5,226,227,155,184 61
45 225,51,57,5,226,227,155,184,61 228
46 163 229
46 163,229 230
46 163,229,230 231
46 163,229,230,231 232
46 163,229,230,231,232 168
46 51,229,230,231,232,168 169
47 199 209
47 199,209 30
47 199,209,30 102
47 199,209,30,102 233
47 199,209,30,102,233 234
47 51,209,30,102,233,234 103
47 51,209,30,102,233,234,103 235
47 199,51,30,102,233,234,103,235 236
47 199,51,30,102,233,234,103,235,236 213
47 199,51,30,102,233,234,103,235,236,213 107
47 199,51,30,102,233,234,103,235,236,213,107 237
47 199,51,30,102,233,234,103,235,236,213,107,237 173
47 199,51,30,102,233,234,103,235,236,213,107,237,173 37
48 238 239
49 7 154
49 7,154 240
49 7,154,240 182
49 7,154,240,182 10
49 7,154,240,182,10 11
49 51,154,240,182,10,11 241
49 51,154,240,182,10,11,241 242
49 7,51,240,182,10,11,241,242 243
50 244 245
50 244,245 188
50 244,245,188 246
50 244,245,188,246 112
50 244,245,188,246,112 247
50 51,245,188,246,112,247 248
50 51,245,188,246,112,247,248 116
50 244,51,188,246,112,247,248,116 192
50 244,51,188,246,112,247,248,116,192 249
50 244,51,188,246,112,247,248,116,192,249 250
51 121 222
51 121,222 122
51 121,222,122 251
51 121,222,122,251 252
51 121,222,122,251,252 253
51 51,222,122,251,252,253 151
51 51,222,122,251,252,253,151 127
51 121,51,122,251,252,253,151,127 128
51 121,51,122,251,252,253,151,127,128 254
51 121,51,122,251,252,253,151,127,128,254 255
52 256 257
52 256,257 258
52 256,257,258 259
52 256,257,258,259 260
52 256,257,258,259,260 261
53 133 262
53 133,262 263
53 133,262,263 264
54 65 135
55 233 32
55 233,32 265
55 233,32,265 266
55 233,32,265,266 267
55 233,32,265,266,267 35
55 51,32,265,266,267,35 213
55 51,32,265,266,267,35,213 173
55 233,51,265,266,267,35,213,173 216
55 233,51,265,266,267,35,213,173,216 215
55 233,51,265,266,267,35,213,173,216,215 38
56 268 269
57 186 270
57 186,270 115
57 186,270,115 271
57 186,270,115,271 272
57 186,270,115,271,272 116
57 51,270,115,271,272,116 273
57 51,270,115,271,272,116,273 191
57 186,51,115,271,272,116,273,191 192
57 186,51,115,271,272,116,273,191,192 250
58 30 31
58 30,31 102
58 30,31,102 76
58 30,31,102,76 33
58 30,31,102,76,33 35
58 51,31,102,76,33,35 173
58 51,31,102,76,33,35,173 274
58 30,51,102,76,33,35,173,274 174
59 275 276
60 277 278
61 279 280
61 279,280 281
61 279,280,281 137
61 279,280,281,137 35
62 186 282
62 186,282 187
62 186,282,187 283
62 186,282,187,283 110
62 186,282,187,283,110 284
62 51,282,187,283,110,284 115
62 51,282,187,283,110,284,115 248
62 186,51,187,283,110,284,115,248 271
62 186,51,187,283,110,284,115,248,271 116
63 285 218
64 30 102
64 30,102 286
64 30,102,286 287
64 30,102,286,287 34
64 30,102,286,287,34 103
64 51,102,286,287,34,103 288
64 51,102,286,287,34,103,288 77
64 30,51,286,287,34,103,288,77 79
64 30,51,286,287,34,103,288,77,79 38
65 289 102
65 289,102 157
65 289,102,157 33
65 289,102,157,33 34
65 289,102,157,33,34 138
65 51,102,157,33,34,138 37
66 290 291
66 290,291 206
66 290,291,206 84
66 290,291,206,84 292
66 290,291,206,84,292 207
66 51,291,206,84,292,207 293
66 51,291,206,84,292,207,293 294
67 295 296
67 295,296 297
67 295,296,297 298
68 299 300
68 299,300 301
68 299,300,301 20
69 176 302
69 176,302 123
69 176,302,123 124
69 176,302,123,124 303
69 176,302,123,124,303 252
69 51,302,123,124,303,252 223
69 51,302,123,124,303,252,223 151
69 176,51,123,124,303,252,223,151 128
69 176,51,123,124,303,252,223,151,128 304
69 176,51,123,124,303,252,223,151,128,304 129
69 176,51,123,124,303,252,223,151,128,304,129 130
70 280 32
70 280,32 34
70 280,32,34 137
70 280,32,34,137 266
70 280,32,34,137,266 221
70 51,32,34,137,266,221 35
70 51,32,34,137,266,221,35 138
70 280,51,34,137,266,221,35,138 174
71 305 161
72 14 306
72 14,306 307
72 14,306,307 17
72 14,306,307,17 308
73 185 309
73 185,309 310
73 185,309,310 20
74 311 312
75 209 136
75 209,136 220
75 209,136,220 31
75 209,136,220,31 211
75 209,136,220,31,211 32
75 51,136,220,31,211,32 157
75 51,136,220,31,211,32,157 266
75 209,51,220,31,211,32,157,266 103
75 209,51,220,31,211,32,157,266,103 221
75 209,51,220,31,211,32,157,266,103,221 158
75 209,51,220,31,211,32,157,266,103,221,158 216
76 170 313
76 170,313 280
76 170,313,280 211
76 170,313,280,211 314
76 170,313,280,211,314 265
76 51,313,280,211,314,265 315
76 51,313,280,211,314,265,315 33
76 170,51,280,211,314,265,315,33 236
76 170,51,280,211,314,265,315,33,236 77
76 170,51,280,211,314,265,315,33,236,77 138
76 170,51,280,211,314,265,315,33,236,77,138 36
77 316 317
77 316,317 44
77 316,317,44 318
77 316,317,44,318 8
77 316,317,44,318,8 153
77 51,317,44,318,8,153 154
77 51,317,44,318,8,153,154 58
77 316,51,44,318,8,153,154,58 184
77 316,51,44,318,8,153,154,58,184 228
78 319 30
78 319,30 31
78 319,30,31 34
78 319,30,31,34 158
78 319,30,31,34,158 77
78 51,30,31,34,158,77 175
79 186 282
79 186,282 188
79 186,282,188 270
79 186,282,188,270 112
79 186,282,188,270,112 116
79 51,282,188,270,112,116 191
79 51,282,188,270,112,116,191 320
79 186,51,188,270,112,116,191,320 321
79 186,51,188,270,112,116,191,320,321 322
80 323 14
80 323,14 324
80 323,14,324 325
80 323,14,324,325 17
81 121 326
81 121,326 327
81 121,326,327 328
81 121,326,327,328 125
81 121,326,327,328,125 150
81 51,326,327,328,125,150 303
81 51,326,327,328,125,150,303 252
81 121,51,327,328,125,150,303,252 329
81 121,51,327,328,125,150,303,252,329 128
82 330 331
82 330,331 27
82 330,331,27 332
83 186 188
83 186,188 246
83 186,188,246 189
83 186,188,246,189 333
83 186,188,246,189,333 116
83 51,188,246,189,333,116 191
83 51,188,246,189,333,116,191 192
83 186,51,246,189,333,116,191,192 334
83 186,51,246,189,333,116,191,192,334 335
84 336 337
85 31 102
85 31,102 338
85 31,102,338 234
85 31,102,338,234 315
85 31,102,338,234,315 266
85 51,102,338,234,315,266 339
85 51,102,338,234,315,266,339 173
85 31,51,338,234,315,266,339,173 109
86 340 341
86 340,341 295
86 340,341,295 342
87 156 343
87 156,343 30
87 156,343,30 313
87 156,343,30,313 344
87 156,343,30,313,344 31
87 51,343,30,313,344,31 200
87 51,343,30,313,344,31,200 345
87 156,51,30,313,344,31,200,345 157
87 156,51,30,313,344,31,200,345,157 33
87 156,51,30,313,344,31,200,345,157,33 221
87 156,51,30,313,344,31,200,345,157,33,221 35
88 229 346
88 229,346 347
88 229,346,347 230
88 229,346,347,230 348
88 229,346,347,230,348 166
88 51,346,347,230,348,166 349
88 51,346,347,230,348,166,349 168
89 350 351
89 350,351 352
90 121 327
90 121,327 353
90 121,327,353 126
90 121,327,353,126 151
90 121,327,353,126,151 128
90 51,327,353,126,151,128 254
90 51,327,353,126,151,128,254 354
90 121,51,353,126,151,128,254,354 129
90 121,51,353,126,151,128,254,354,129 131
91 355 356
91 355,356 102
91 355,356,102 234
91 355,356,102,234 33
91 355,356,102,234,33 35
92 344 357
92 344,357 103
92 344,357,103 106
92 344,357,103,106 339
92 344,357,103,106,339 213
92 51,357,103,106,339,213 158
92 51,357,103,106,339,213,158 36
92 344,51,103,106,339,213,158,36 37
92 344,51,103,106,339,213,158,36,37 175
92 344,51,103,106,339,213,158,36,37,175 358
93 359 360
93 359,360 14
93 359,360,14 361
93 359,360,14,361 362
93 359,360,14,361,362 363
93 51,360,14,361,362,363 307
93 51,360,14,361,362,363,307 364
93 359,51,14,361,362,363,307,364 325
93 359,51,14,361,362,363,307,364,325 365
93 359,51,14,361,362,363,307,364,325,365 366
94 367 202
94 367,202 368
94 367,202,368 369
94 367,202,368,369 83
94 367,202,368,369,83 370
94 51,202,368,369,83,370 371
94 51,202,368,369,83,370,371 208
94 367,51,368,369,83,370,371,208 294
95 121 124
95 121,124 125
95 121,124,125 126
95 121,124,125,126 151
95 121,124,125,126,151 255
95 51,124,125,126,151,255 129
96 209 136
96 209,136 31
96 209,136,31 233
96 209,136,31,233 171
96 209,136,31,233,171 211
96 51,136,31,233,171,211 32
96 51,136,31,233,171,211,32 33
96 209,51,31,233,171,211,32,33 137
96 209,51,31,233,171,211,32,33,137 103
96 209,51,31,233,171,211,32,33,137,103 236
96 209,51,31,233,171,211,32,33,137,103,236 216
96 209,51,31,233,171,211,32,33,137,103,236,216 138
96 209,51,31,233,171,211,32,33,137,103,236,216,138 37
97 356 30
97 356,30 372
97 356,30,372 314
97 356,30,372,314 373
97 356,30,372,314,373 374
97 51,30,372,314,373,374 137
97 51,30,372,314,373,374,137 106
97 356,51,372,314,373,374,137,106 221
97 356,51,372,314,373,374,137,106,221 35
97 356,51,372,314,373,374,137,106,221,35 38
98 30 313
98 30,313 265
98 30,313,265 33
98 30,313,265,33 266
98 30,313,265,33,266 35
98 51,313,265,33,266,35 213
98 51,313,265,33,266,35,213 37
99 375 44
99 375,44 57
99 375,44,57 5
99 375,44,57,5 152
99 375,44,57,5,152 183
99 51,44,57,5,152,183 155
99 51,44,57,5,152,183,155 11
99 375,51,57,5,152,183,155,11 241
99 375,51,57,5,152,183,155,11,241 376
99 375,51,57,5,152,183,155,11,241,376 184
99 375,51,57,5,152,183,155,11,241,376,184 228
100 377 121
100 377,121 222
100 377,121,222 122
100 377,121,222,122 251
100 377,121,222,122,251 378
100 51,121,222,122,251,378 125
100 51,121,222,122,251,378,125 329
100 377,51,222,122,251,378,125,329 178
100 377,51,222,122,251,378,125,329,178 151
100 377,51,222,122,251,378,125,329,178,151 127
101 379 380
101 379,380 381
101 379,380,381 382
101 379,380,381,382 383
102 384 385
102 384,385 386
103 186 270
103 186,270 387
103 186,270,387 284
103 186,270,387,284 333
103 186,270,387,284,333 247
103 51,270,387,284,333,247 116
103 51,270,387,284,333,247,116 388
103 186,51,387,284,333,247,116,388 117
103 186,51,387,284,333,247,116,388,117 389
103 186,51,387,284,333,247,116,388,117,389 198
103 186,51,387,284,333,247,116,388,117,389,198 390
103 186,51,387,284,333,247,116,388,117,389,198,390 119
103 186,51,387,284,333,247,116,388,117,389,198,390,119 250
103 186,51,387,284,333,247,116,388,117,389,198,390,119,250 391
104 392 14
104 392,14 363
104 392,14,363 307
104 392,14,363,307 17
104 392,14,363,307,17 393
104 51,14,363,307,17,393 394
105 395 396
105 395,396 397
105 395,396,397 398
105 395,396,397,398 399
106 30 102
106 30,102 210
106 30,102,210 315
106 30,102,210,315 157
106 30,102,210,315,157 106
106 51,102,210,315,157,106 35
106 51,102,210,315,157,106,35 216
106 30,51,210,315,157,106,35,216 159
106 30,51,210,315,157,106,35,216,159 138
106 30,51,210,315,157,106,35,216,159,138 36
106 30,51,210,315,157,106,35,216,159,138,36 175
106 30,51,210,315,157,106,35,216,159,138,36,175 400
106 30,51,210,315,157,106,35,216,159,138,36,175,400 38
107 401 402
107 401,402 403
108 404 194
108 404,194 111
108 404,194,111 112
108 404,194,111,112 114
108 404,194,111,112,114 115
108 51,194,111,112,114,115 189
108 51,194,111,112,114,115,189 248
108 404,51,111,112,114,115,189,248 249
108 404,51,111,112,114,115,189,248,249 119
109 121 405
109 121,405 122
109 121,405,122 303
109 121,405,122,303 126
109 121,405,122,303,126 223
109 51,405,122,303,126,223 151
109 51,405,122,303,126,223,151 406
109 121,51,122,303,126,223,151,406 255
109 121,51,122,303,126,223,151,406,255 407
110 408 202
110 408,202 409
110 408,202,409 291
110 408,202,409,291 205
110 408,202,409,291,205 206
110 51,202,409,291,205,206 370
110 51,202,409,291,205,206,370 292
110 408,51,409,291,205,206,370,292 371
110 408,51,409,291,205,206,370,292,371 410
111 121 222
111 121,222 411
111 121,222,411 125
111 121,222,411,125 150
111 121,222,411,125,150 252
111 51,222,411,125,150,252 128
112 412 413
113 30 414
113 30,414 32
113 30,414,32 234
113 30,414,32,234 265
113 30,414,32,234,265 33
113 51,414,32,234,265,33 106
113 51,414,32,234,265,33,106 35
114 415 416
114 415,416 259
115 356 31
115 356,31 102
115 356,31,102 137
115 356,31,102,137 235
115 356,31,102,137,235 37
115 51,31,102,137,235,37 174
115 51,31,102,137,235,37,174 417
116 149 176
116 149,176 121
116 149,176,121 222
116 149,176,121,222 418
116 149,176,121,222,418 122
116 51,176,121,222,418,122 326
116 51,176,121,222,418,122,326 302
116 149,51,121,222,418,122,326,302 328
116 149,51,121,222,418,122,326,302,328 411
116 149,51,121,222,418,122,326,302,328,411 126
116 149,51,121,222,418,122,326,302,328,411,126 223
116 149,51,121,222,418,122,326,302,328,411,126,223 151
116 149,51,121,222,418,122,326,302,328,411,126,223,151 127
116 149,51,121,222,418,122,326,302,328,411,126,223,151,127 128
116 149,51,121,222,418,122,326,302,328,411,126,223,151,127,128 224
116 149,176,121,51,418,122,326,302,328,411,126,223,151,127,128,224 354
116 149,176,121,51,418,122,326,302,328,411,126,223,151,127,128,224,354 419
116 149,176,121,51,418,122,326,302,328,411,126,223,151,127,128,224,354,419 255
116 149,176,121,51,418,122,326,302,328,411,126,223,151,127,128,224,354,419,255 420
116 149,176,121,51,418,122,326,302,328,411,126,223,151,127,128,224,354,419,255,420 421
117 422 361
117 422,361 362
117 422,361,362 423
117 422,361,362,423 424
118 425 426
119 222 411
119 222,411 303
119 222,411,303 329
119 222,411,303,329 151
119 222,411,303,329,151 127
119 51,411,303,329,151,127 128
119 51,411,303,329,151,127,128 419
120 97 98
120 97,98 427
120 97,98,427 99
121 377 222
121 377,222 125
121 377,222,125 151
121 377,222,125,151 127
121 377,222,125,151,127 128
121 51,222,125,151,127,128 428
122 160 429
122 160,429 430
122 160,429,430 431
123 229 230
123 229,230 432
123 229,230,432 433
123 229,230,432,433 434
123 229,230,432,433,434 168
124 53 55
124 53,55 5
124 53,55,5 46
124 53,55,5,46 11
124 53,55,5,46,11 50
124 51,55,5,46,11,50 435
124 51,55,5,46,11,50,435 436
124 53,51,5,46,11,50,435,436 243
124 53,51,5,46,11,50,435,436,243 437
124 53,51,5,46,11,50,435,436,243,437 438
125 97 439
125 97,439 440
125 97,439,440 99
126 367 441
126 367,441 442
126 367,441,442 80
126 367,441,442,80 203
126 367,441,442,80,203 368
126 51,441,442,80,203,368 443
126 51,441,442,80,203,368,443 444
126 367,51,442,80,203,368,443,444 204
126 367,51,442,80,203,368,443,444,204 445
126 367,51,442,80,203,368,443,444,204,445 446
127 379 447
127 379,447 448
127 379,447,448 449
128 30 31
128 30,31 102
128 30,31,102 137
128 30,31,102,137 35
128 30,31,102,137,35 77
128 51,31,102,137,35,77 38
129 186 245
129 186,245 450
129 186,245,450 115
129 186,245,450,115 333
129 186,245,450,115,333 117
129 51,245,450,115,333,117 320
129 51,245,450,115,333,117,320 250
130 397 398
131 29 30
131 29,30 31
131 29,30,31 33
131 29,30,31,33 236
131 29,30,31,33,236 78
131 51,30,31,33,236,78 109
131 51,30,31,33,236,78,109 400
132 188 451
132 188,451 248
132 188,451,248 116
132 188,451,248,116 452
132 188,451,248,116,452 250
132 51,451,248,116,452,250 193
132 51,451,248,116,452,250,193 453
133 454 112
133 454,112 333
133 454,112,333 116
133 454,112,333,116 389
133 454,112,333,116,389 390
133 51,112,333,116,389,390 119
133 51,112,333,116,389,390,119 250
133 454,51,333,116,389,390,119,250 455
134 456 14
134 456,14 457
134 456,14,457 15
134 456,14,457,15 306
134 456,14,457,15,306 362
134 51,14,457,15,306,362 458
134 51,14,457,15,306,362,458 17
135 459 27
135 459,27 460
135 459,27,460 461
136 156 30
136 156,30 280
136 156,30,280 31
136 156,30,280,31 210
136 156,30,280,31,210 211
136 51,30,280,31,210,211 357
136 51,30,280,31,210,211,357 234
136 156,51,280,31,210,211,357,234 33
136 156,51,280,31,210,211,357,234,33 35
136 156,51,280,31,210,211,357,234,33,35 236
137 462 24
137 462,24 463
137 462,24,463 464
137 462,24,463,464 465
137 462,24,463,464,465 461
138 44 466
138 44,466 154
138 44,466,154 58
138 44,466,154,58 155
138 44,466,154,58,155 467
138 51,466,154,58,155,467 468
138 51,466,154,58,155,467,468 469
138 44,51,154,58,155,467,468,469 470
139 209 156
139 209,156 31
139 209,156,31 102
139 209,156,31,102 345
139 209,156,31,102,345 357
139 51,156,31,102,345,357 32
139 51,156,31,102,345,357,32 234
139 209,51,31,102,345,357,32,234 33
139 209,51,31,102,345,357,32,234,33 103
139 209,51,31,102,345,357,32,234,33,103 339
139 209,51,31,102,345,357,32,234,33,103,339 35
139 209,51,31,102,345,357,32,234,33,103,339,35 158
139 209,51,31,102,345,357,32,234,33,103,339,35,158 77
139 209,51,31,102,345,357,32,234,33,103,339,35,158,77 108
140 471 472
141 122 302
141 122,302 411
141 122,302,411 151
141 122,302,411,151 128
141 122,302,411,151,128 428
141 51,302,411,151,128,428 473
141 51,302,411,151,128,428,473 407
142 199 344
142 199,344 474
142 199,344,474 314
143 367 203
143 367,203 291
143 367,203,291 204
143 367,203,291,204 369
143 367,203,291,204,369 205
143 51,203,291,204,369,205 475
143 51,203,291,204,369,205,475 83
143 367,51,291,204,369,205,475,83 206
143 367,51,291,204,369,205,475,83,206 476
143 367,51,291,204,369,205,475,83,206,476 370
143 367,51,291,204,369,205,475,83,206,476,370 477
144 478 479
144 478,479 480
145 244 194
145 244,194 186
145 244,194,186 188
145 244,194,186,188 270
145 244,194,186,188,270 246
145 51,194,186,188,270,246 195
145 51,194,186,188,270,246,195 481
145 244,51,186,188,270,246,195,481 333
145 244,51,186,188,270,246,195,481,333 248
145 244,51,186,188,270,246,195,481,333,248 116
145 244,51,186,188,270,246,195,481,333,248,116 198
145 244,51,186,188,270,246,195,481,333,248,116,198 250
145 244,51,186,188,270,246,195,481,333,248,116,198,250 482
146 340 342
146 340,342 483
146 340,342,483 484
147 485 171
147 485,171 76
147 485,171,76 157
147 485,171,76,157 33
147 485,171,76,157,33 35
147 51,171,76,157,33,35 236
147 51,171,76,157,33,35,236 138
147 485,51,76,157,33,35,236,138 215
148 486 154
148 486,154 47
148 486,154,47 487
148 486,154,47,487 58
148 486,154,47,487,58 11
148 51,154,47,487,58,11 242
148 51,154,47,487,58,11,242 61
149 136 31
149 136,31 210
149 136,31,210 32
149 136,31,210,32 266
149 136,31,210,32,266 103
149 51,31,210,32,266,103 339
149 51,31,210,32,266,103,339 488
149 136,51,210,32,266,103,339,488 107
149 136,51,210,32,266,103,339,488,107 37
150 199 102
150 199,102 32
150 199,102,32 234
150 199,102,32,234 35
150 199,102,32,234,35 77
150 51,102,32,234,35,77 159
150 51,102,32,234,35,77,159 36
150 199,51,32,234,35,77,159,36 489
151 105 32
151 105,32 234
151 105,32,234 33
151 105,32,234,33 137
151 105,32,234,33,137 173
151 51,32,234,33,137,173 138
151 51,32,234,33,137,173,138 36
151 105,51,234,33,137,173,138,36 37
151 105,51,234,33,137,173,138,36,37 174
152 343 31
152 343,31 102
152 343,31,102 211
152 343,31,102,211 267
152 343,31,102,211,267 236
152 51,31,102,211,267,236 214
152 51,31,102,211,267,236,214 138
152 343,51,102,211,267,236,214,138 174
153 53 5
153 53,5 490
153 53,5,490 46
153 53,5,490,46 58
153 53,5,490,46,58 59
153 51,5,490,46,58,59 467
153 51,5,490,46,58,59,467 11
153 53,51,490,46,58,59,467,11 469
154 280 281
154 280,281 200
154 280,281,200 265
154 280,281,200,265 33
154 280,281,200,265,33 266
154 51,281,200,265,33,266 103
154 51,281,200,265,33,266,103 106
154 280,51,200,265,33,266,103,106 491
154 280,51,200,265,33,266,103,106,491 36
154 280,51,200,265,33,266,103,106,491,36 108
154 280,51,200,265,33,266,103,106,491,36,108 38
154 280,51,200,265,33,266,103,106,491,36,108,38 489
155 323 457
155 323,457 492
155 323,457,492 16
155 323,457,492,16 364
155 323,457,492,16,364 308
155 51,457,492,16,364,308 493
156 160 429
156 160,429 494
157 495 147
157 495,147 69
157 495,147,69 496
157 495,147,69,496 497
157 495,147,69,496,497 498
157 51,147,69,496,497,498 499
157 51,147,69,496,497,498,499 500
157 495,51,69,496,497,498,499,500 75
158 256 501
158 256,501 502
158 256,501,502 259
159 503 504
160 340 505
160 340,505 506
160 340,505,506 507
160 340,505,506,507 297
160 340,505,506,507,297 508
160 51,505,506,507,297,508 509
160 51,505,506,507,297,508,509 510
161 53 44
161 53,44 5
161 53,44,5 11
161 53,44,5,11 435
161 53,44,5,11,435 242
161 51,44,5,11,435,242 469
161 51,44,5,11,435,242,469 511
161 53,51,5,11,435,242,469,511 512
162 513 514
163 515 516
164 517 518
165 367 202
165 367,202 80
165 367,202,80 291
165 367,202,80,291 519
165 367,202,80,291,519 520
165 51,202,80,291,519,520 207
165 51,202,80,291,519,520,207 410
165 367,51,80,291,519,520,207,410 87
165 367,51,80,291,519,520,207,410,87 521
166 522 523
166 522,523 524
166 522,523,524 525
166 522,523,524,525 526
166 522,523,524,525,526 527
166 51,523,524,525,526,527 528
166 51,523,524,525,526,527,528 529
167 121 222
167 121,222 122
167 121,222,122 252
167 121,222,122,252 253
167 121,222,122,252,253 126
167 51,222,122,252,253,126 151
167 51,222,122,252,253,126,151 127
167 121,51,122,252,253,126,151,127 530
167 121,51,122,252,253,126,151,127,530 128
167 121,51,122,252,253,126,151,127,530,128 224
167 121,51,122,252,253,126,151,127,530,128,224 254
167 121,51,122,252,253,126,151,127,530,128,224,254 255
167 121,51,122,252,253,126,151,127,530,128,224,254,255 420
167 121,51,122,252,253,126,151,127,530,128,224,254,255,420 129
168 531 532
168 531,532 519
168 531,532,519 83
168 531,532,519,83 206
168 531,532,519,83,206 533
168 51,532,519,83,206,533 534
168 51,532,519,83,206,533,534 535
168 531,51,519,83,206,533,534,535 370
168 531,51,519,83,206,533,534,535,370 536
168 531,51,519,83,206,533,534,535,370,536 537
168 531,51,519,83,206,533,534,535,370,536,537 538
168 531,51,519,83,206,533,534,535,370,536,537,538 539
169 540 244
169 540,244 186
169 540,244,186 283
169 540,244,186,283 541
169 540,244,186,283,541 111
169 51,244,186,283,541,111 542
169 51,244,186,283,541,111,542 189
169 540,51,186,283,541,111,542,189 481
169 540,51,186,283,541,111,542,189,481 116
170 543 531
170 543,531 367
170 543,531,367 202
170 543,531,367,202 81
170 543,531,367,202,81 204
170 51,531,367,202,81,204 205
170 51,531,367,202,81,204,205 519
170 543,51,367,202,81,204,205,519 544
170 543,51,367,202,81,204,205,519,544 476
170 543,51,367,202,81,204,205,519,544,476 535
170 543,51,367,202,81,204,205,519,544,476,535 410
170 543,51,367,202,81,204,205,519,544,476,535,410 87
170 543,51,367,202,81,204,205,519,544,476,535,410,87 538
171 485 30
171 485,30 31
171 485,30,31 171
171 485,30,31,171 35
171 485,30,31,171,35 236
171 51,30,31,171,35,236 216
171 51,30,31,171,35,236,216 215
171 485,51,31,171,35,236,216,215 36
172 209 156
172 209,156 31
172 209,156,31 211
172 209,156,31,211 212
172 209,156,31,211,212 32
172 51,156,31,211,212,32 265
172 51,156,31,211,212,32,265 315
172 209,51,31,211,212,32,265,315 545
173 149 377
173 149,377 302
173 149,377,302 125
173 149,377,302,125 126
173 149,377,302,125,126 223
173 51,377,302,125,126,223 151
173 51,377,302,125,126,223,151 128
173 149,51,302,125,126,223,151,128 224
173 149,51,302,125,126,223,151,128,224 129
173 149,51,302,125,126,223,151,128,224,129 130
174 30 344
174 30,344 31
174 30,344,31 32
174 30,344,31,32 266
174 30,344,31,32,266 35
174 51,344,31,32,266,35 174
174 51,344,31,32,266,35,174 108
174 30,51,31,32,266,35,174,108 417
175 546 188
175 546,188 110
175 546,188,110 112
175 546,188,110,112 547
175 546,188,110,112,547 481
175 51,188,110,112,547,481 333
175 51,188,110,112,547,481,333 116
175 546,51,110,112,547,481,333,116 191
175 546,51,110,112,547,481,333,116,191 320
175 546,51,110,112,547,481,333,116,191,320 198
175 546,51,110,112,547,481,333,116,191,320,198 192
175 546,51,110,112,547,481,333,116,191,320,198,192 193
175 546,51,110,112,547,481,333,116,191,320,198,192,193 391
176 548 549
176 548,549 550
176 548,549,550 89
177 14 422
177 14,422 551
177 14,422,551 363
177 14,422,551,363 307
177 14,422,551,363,307 17
177 51,422,551,363,307,17 552
177 51,422,551,363,307,17,552 553
177 14,51,551,363,307,17,552,553 554
178 555 65
178 555,65 133
178 555,65,133 135
178 555,65,133,135 556
178 555,65,133,135,556 557
179 176 121
179 176,121 122
179 176,121,122 126
179 176,121,122,126 406
179 176,121,122,126,406 304
179 51,121,122,126,406,304 129
179 51,121,122,126,406,304,129 421
180 558 502
181 220 344
181 220,344 31
181 220,344,31 102
181 220,344,31,102 372
181 220,344,31,102,372 34
181 51,344,31,102,372,34 103
181 51,344,31,102,372,34,103 106
181 220,51,31,102,372,34,103,106 35
181 220,51,31,102,372,34,103,106,35 107
181 220,51,31,102,372,34,103,106,35,107 138
182 199 30
182 199,30 344
182 199,30,344 33
182 199,30,344,33 172
182 199,30,344,33,172 35
182 51,30,344,33,172,35 237
182 51,30,344,33,172,35,237 36
183 559 367
183 559,367 202
183 559,367,202 560
183 559,367,202,560 561
183 559,367,202,560,561 533
183 51,367,202,560,561,533 520
183 51,367,202,560,561,533,520 371
183 559,51,202,560,561,533,520,371 562
183 559,51,202,560,561,533,520,371,562 477
183 559,51,202,560,561,533,520,371,562,477 563
184 564 270
184 564,270 110
184 564,270,110 115
184 564,270,110,115 189
184 564,270,110,115,189 190
184 51,270,110,115,189,190 271
184 51,270,110,115,189,190,271 191
184 564,51,110,115,189,190,271,191 192
185 565 397
185 565,397 566
186 156 30
186 156,30 280
186 156,30,280 31
186 156,30,280,31 102
186 156,30,280,31,102 157
186 51,30,280,31,102,157 35
186 51,30,280,31,102,157,35 107
186 156,51,280,31,102,157,35,107 138
186 156,51,280,31,102,157,35,107,138 38
186 156,51,280,31,102,157,35,107,138,38 489
186 156,51,280,31,102,157,35,107,138,38,489 567
186 156,51,280,31,102,157,35,107,138,38,489,567 170
186 156,51,280,31,102,157,35,107,138,38,489,567,170 30
186 156,51,280,31,102,157,35,107,138,38,489,567,170,30 31
186 156,51,280,31,102,157,35,107,138,38,489,567,170,30,31 102
186 156,30,280,51,102,157,35,107,138,38,489,567,170,30,31,102 32
186 156,30,280,51,102,157,35,107,138,38,489,567,170,30,31,102,32 221
187 568 264
188 319 156
188 319,156 289
188 319,156,289 30
188 319,156,289,30 171
188 319,156,289,30,171 265
188 51,156,289,30,171,265 103
188 51,156,289,30,171,265,103 35
188 319,51,289,30,171,265,103,35 158
188 319,51,289,30,171,265,103,35,158 237
189 531 202
189 531,202 368
189 531,202,368 83
189 531,202,368,83 206
189 531,202,368,83,206 84
189 51,202,368,83,206,84 292
189 51,202,368,83,206,84,292 207
189 531,51,368,83,206,84,292,207 208
190 149 569
190 149,569 405
190 149,569,405 570
190 149,569,405,570 571
190 149,569,405,570,571 328
190 51,569,405,570,571,328 252
190 51,569,405,570,571,328,252 353
190 149,51,405,570,571,328,252,353 126
191 279 31
191 279,31 102
191 279,31,102 374
191 279,31,102,374 265
191 279,31,102,374,265 157
191 51,31,102,374,265,157 106
191 51,31,102,374,265,157,106 221
192 572 88
192 572,88 89
193 573 574
194 363 17
194 363,17 575
194 363,17,575 18
194 363,17,575,18 576
195 185 577
195 185,577 309
195 185,577,309 20
195 185,577,309,20 578
195 185,577,309,20,578 579
196 280 374
196 280,374 267
196 280,374,267 339
196 280,374,267,339 35
196 280,374,267,339,35 236
196 51,374,267,339,35,236 107
196 51,374,267,339,35,236,107 138
196 280,51,267,339,35,236,107,138 109
196 280,51,267,339,35,236,107,138,109 489
197 580 581
197 580,581 297
197 580,581,297 582
198 225 583
198 225,583 44
198 225,583,44 5
198 225,583,44,5 152
198 225,583,44,5,152 9
198 51,583,44,5,152,9 154
198 51,583,44,5,152,9,154 226
198 225,51,44,5,152,9,154,226 183
198 225,51,44,5,152,9,154,226,183 10
198 225,51,44,5,152,9,154,226,183,10 11
198 225,51,44,5,152,9,154,226,183,10,11 61
198 225,51,44,5,152,9,154,226,183,10,11,61 469
198 225,51,44,5,152,9,154,226,183,10,11,61,469 228
198 225,51,44,5,152,9,154,226,183,10,11,61,469,228 63
198 225,51,44,5,152,9,154,226,183,10,11,61,469,228,63 12
198 225,583,44,51,152,9,154,226,183,10,11,61,469,228,63,12 584
199 585 586
200 53 583
200 53,583 587
200 53,583,587 44
200 53,583,587,44 588
200 53,583,587,44,588 11
200 51,583,587,44,588,11 50
200 51,583,587,44,588,11,50 470
200 53,51,587,44,588,11,50,470 512
201 24 331
201 24,331 27
201 24,331,27 589
201 24,331,27,589 590
201 24,331,27,589,590 591
202 356 30
202 356,30 102
202 356,30,102 211
202 356,30,102,211 372
202 356,30,102,211,372 265
202 51,30,102,211,372,265 33
202 51,30,102,211,372,265,33 266
202 356,51,102,211,372,265,33,266 592
203 593 25
203 593,25 594
203 593,25,594 27
203 593,25,594,27 595
203 593,25,594,27,595 596
203 51,25,594,27,595,596 590
203 51,25,594,27,595,596,590 597
204 289 31
204 289,31 102
204 289,31,102 200
204 289,31,102,200 234
204 289,31,102,200,234 103
204 51,31,102,200,234,103 107
204 51,31,102,200,234,103,107 158
204 289,51,102,200,234,103,107,158 108
204 289,51,102,200,234,103,107,158,108 417
205 44 598
205 44,598 8
205 44,598,8 58
205 44,598,8,58 49
205 44,598,8,58,49 227
205 51,598,8,58,49,227 183
205 51,598,8,58,49,227,183 599
205 44,51,8,58,49,227,183,599 11
205 44,51,8,58,49,227,183,599,11 468
205 44,51,8,58,49,227,183,599,11,468 470
206 600 299
207 176 601
207 176,601 569
207 176,601,569 328
207 176,601,569,328 125
207 176,601,569,328,125 252
207 51,601,569,328,125,252 530
207 51,601,569,328,125,252,530 254
207 176,51,569,328,125,252,530,254 179
207 176,51,569,328,125,252,530,254,179 304
207 176,51,569,328,125,252,530,254,179,304 354
207 176,51,569,328,125,252,530,254,179,304,354 419
207 176,51,569,328,125,252,530,254,179,304,354,419 420
207 176,51,569,328,125,252,530,254,179,304,354,419,420 129
208 392 15
208 392,15 602
208 392,15,602 603
208 392,15,602,603 604
208 392,15,602,603,604 307
208 51,15,602,603,604,307 605
208 51,15,602,603,604,307,605 17
209 367 202
209 367,202 606
209 367,202,606 443
209 367,202,606,443 519
209 367,202,606,443,519 607
209 51,202,606,443,519,607 370
209 51,202,606,443,519,607,370 521
209 367,51,606,443,519,607,370,521 608
210 609 610
211 611 612
211 611,612 613
211 611,612,613 614
211 611,612,613,614 80
211 611,612,613,614,80 615
211 51,612,613,614,80,615 443
211 51,612,613,614,80,615,443 616
211 611,51,613,614,80,615,443,616 617
211 611,51,613,614,80,615,443,616,617 618
211 611,51,613,614,80,615,443,616,617,618 87
211 611,51,613,614,80,615,443,616,617,618,87 446
212 30 313
212 30,313 212
212 30,313,212 32
212 30,313,212,32 157
212 30,313,212,32,157 34
212 51,313,212,32,157,34 592
212 51,313,212,32,157,34,592 221
212 30,51,212,32,157,34,592,221 77
212 30,51,212,32,157,34,592,221,77 138
213 619 620
214 486 583
214 486,583 44
214 486,583,44 152
214 486,583,44,152 154
214 486,583,44,152,154 155
214 51,583,44,152,154,155 241
214 51,583,44,152,154,155,241 621
214 486,51,44,152,154,155,241,621 228
214 486,51,44,152,154,155,241,621,228 584
215 14 622
215 14,622 15
215 14,622,15 551
215 14,622,15,551 306
215 14,622,15,551,306 307
215 51,622,15,551,306,307 623
215 51,622,15,551,306,307,623 624
216 270 110
216 270,110 112
216 270,110,112 115
216 270,110,112,115 190
216 270,110,112,115,190 116
216 51,110,112,115,190,116 197
216 51,110,112,115,190,116,197 625
216 270,51,112,115,190,116,197,625 455
217 626 627
217 626,627 628
218 629 630
218 629,630 631
218 629,630,631 632
218 629,630,631,632 633
218 629,630,631,632,633 634
219 609 635
219 609,635 636
220 637 638
221 244 639
221 244,639 640
221 244,639,640 188
221 244,639,640,188 641
221 244,639,640,188,641 115
221 51,639,640,188,641,115 642
221 51,639,640,188,641,115,642 116
221 244,51,640,188,641,115,642,116 191
221 244,51,640,188,641,115,642,116,191 197
221 244,51,640,188,641,115,642,116,191,197 389
221 244,51,640,188,641,115,642,116,191,197,389 250
221 244,51,640,188,641,115,642,116,191,197,389,250 455
221 244,51,640,188,641,115,642,116,191,197,389,250,455 643
222 644 44
222 644,44 5
222 644,44,5 490
222 644,44,5,490 48
222 644,44,5,490,48 58
222 51,44,5,490,48,58 183
222 51,44,5,490,48,58,183 184
222 644,51,5,490,48,58,183,184 228
223 186 245
223 186,245 641
223 186,245,641 270
223 186,245,641,270 110
223 186,245,641,270,110 387
223 51,245,641,270,110,387 542
223 51,245,641,270,110,387,542 190
223 186,51,641,270,110,387,542,190 248
223 186,51,641,270,110,387,542,190,248 116
223 186,51,641,270,110,387,542,190,248,116 191
223 186,51,641,270,110,387,542,190,248,116,191 117
224 330 24
224 330,24 331
224 330,24,331 594
224 330,24,331,594 465
225 202 80
225 202,80 204
225 202,80,204 561
225 202,80,204,561 534
225 202,80,204,561,534 520
225 51,80,204,561,534,520 536
225 51,80,204,561,534,520,536 410
225 202,51,204,561,534,520,536,410 87
226 404 270
226 404,270 110
226 404,270,110 645
226 404,270,110,645 111
226 404,270,110,645,111 387
226 51,270,110,645,111,387 481
226 51,270,110,645,111,387,481 333
226 404,51,110,645,111,387,481,333 116
226 404,51,110,645,111,387,481,333,116 388
226 404,51,110,645,111,387,481,333,116,388 250
227 442 202
227 442,202 80
227 442,202,80 81
227 442,202,80,81 204
227 442,202,80,81,204 544
227 51,202,80,81,204,544 476
227 51,202,80,81,204,544,476 520
227 442,51,80,81,204,544,476,520 410
228 646 380
228 646,380 647
228 646,380,647 648
228 646,380,647,648 649
228 646,380,647,648,649 650
229 651 652
229 651,652 653
229 651,652,653 546
229 651,652,653,546 188
229 651,652,653,546,188 112
229 51,652,653,546,188,112 451
229 51,652,653,546,188,112,451 115
229 651,51,653,546,188,112,451,115 654
229 651,51,653,546,188,112,451,115,654 195
229 651,51,653,546,188,112,451,115,654,195 189
229 651,51,653,546,188,112,451,115,654,195,189 190
229 651,51,653,546,188,112,451,115,654,195,189,190 116
229 651,51,653,546,188,112,451,115,654,195,189,190,116 655
229 651,51,653,546,188,112,451,115,654,195,189,190,116,655 452
229 651,51,653,546,188,112,451,115,654,195,189,190,116,655,452 198
229 651,652,653,51,188,112,451,115,654,195,189,190,116,655,452,198 455
230 225 5
230 225,5 10
230 225,5,10 11
230 225,5,10,11 51
230 225,5,10,11,51 242
230 51,5,10,11,51,242 436
230 51,5,10,11,51,242,436 656
231 367 614
231 367,614 80
231 367,614,80 81
231 367,614,80,81 519
231 367,614,80,81,519 83
231 51,614,80,81,519,83 84
231 51,614,80,81,519,83,84 617
231 367,51,80,81,519,83,84,617 207
231 367,51,80,81,519,83,84,617,207 87
231 367,51,80,81,519,83,84,617,207,87 657
232 147 658
232 147,658 73
232 147,658,73 500
232 147,658,73,500 659
233 244 660
233 244,660 186
233 244,660,186 188
233 244,660,186,188 110
233 244,660,186,188,110 246
233 51,660,186,188,110,246 190
233 51,660,186,188,110,246,190 272
233 244,51,186,188,110,246,190,272 116
233 244,51,186,188,110,246,190,272,116 655
233 244,51,186,188,110,246,190,272,116,655 198
233 244,51,186,188,110,246,190,272,116,655,198 192
233 244,51,186,188,110,246,190,272,116,655,198,192 453
234 548 661
234 548,661 89
235 102 314
235 102,314 103
235 102,314,103 106
235 102,314,103,106 35
235 102,314,103,106,35 236
235 51,314,103,106,35,236 77
235 51,314,103,106,35,236,77 237
235 102,51,103,106,35,236,77,237 38
236 611 662
236 611,662 80
236 611,662,80 615
236 611,662,80,615 291
236 611,662,80,615,291 444
236 51,662,80,615,291,444 84
236 51,662,80,615,291,444,84 663
236 611,51,80,615,291,444,84,663 87
237 664 665
237 664,665 666
237 664,665,666 667
237 664,665,666,667 20
238 668 669
238 668,669 670
239 136 30
239 136,30 31
239 136,30,31 671
239 136,30,31,671 672
239 136,30,31,671,672 34
239 51,30,31,671,672,34 266
239 51,30,31,671,672,34,266 35
240 121 222
240 121,222 150
240 121,222,150 252
240 121,222,150,252 151
240 121,222,150,252,151 128
240 51,222,150,252,151,128 406
240 51,222,150,252,151,128,406 129
241 244 186
241 244,186 282
241 244,186,282 188
241 244,186,282,188 270
241 244,186,282,188,270 112
241 51,186,282,188,270,112 116
241 51,186,282,188,270,112,116 191
241 244,51,282,188,270,112,116,191 192
241 244,51,282,188,270,112,116,191,192 119
241 244,51,282,188,270,112,116,191,192,119 250
242 186 188
242 186,188 542
242 186,188,542 116
242 186,188,542,116 673
242 186,188,542,116,673 674
242 51,188,542,116,673,674 250
242 51,188,542,116,673,674,250 675
242 186,51,542,116,673,674,250,675 335
243 676 677
244 678 486
244 678,486 679
244 678,486,679 44
244 678,486,679,44 56
244 678,486,679,44,56 5
244 51,486,679,44,56,5 152
244 51,486,679,44,56,5,152 183
244 678,51,679,44,56,5,152,183 11
244 678,51,679,44,56,5,152,183,11 435
244 678,51,679,44,56,5,152,183,11,435 680
245 2 681
245 2,681 44
245 2,681,44 5
245 2,681,44,5 490
245 2,681,44,5,490 182
245 51,681,44,5,490,182 183
245 51,681,44,5,490,182,183 621
245 2,51,44,5,490,182,183,621 228
245 2,51,44,5,490,182,183,621,228 512
246 392 13
246 392,13 307
246 392,13,307 364
246 392,13,307,364 623
246 392,13,307,364,623 682
247 683 160
247 683,160 684
247 683,160,684 162
248 185 685
248 185,685 310
248 185,685,310 20
248 185,685,310,20 686
248 185,685,310,20,686 687
248 51,685,310,20,686,687 688
249 689 690
249 689,690 691
250 692 693
251 694 186
251 694,186 541
251 694,186,541 115
251 694,186,541,115 195
251 694,186,541,115,195 191
251 51,186,541,115,195,191 455
251 51,186,541,115,195,191,455 482
252 695 696
253 225 44
253 225,44 5
253 225,44,5 47
253 225,44,5,47 58
253 225,44,5,47,58 11
253 51,44,5,47,58,11 61
253 51,44,5,47,58,11,61 228
253 225,51,5,47,58,11,61,228 697
254 344 32
254 344,32 33
254 344,32,33 35
254 344,32,33,35 237
254 344,32,33,35,237 36
254 51,32,33,35,237,36 108
255 543 613
255 543,613 367
255 543,613,367 291
255 543,613,367,291 206
255 543,613,367,291,206 84
255 51,613,367,291,206,84 533
255 51,613,367,291,206,84,533 618
255 543,51,367,291,206,84,533,618 698
256 699 700
257 701 230
257 701,230 231
257 701,230,231 702
257 701,230,231,702 348
257 701,230,231,702,348 166
257 51,230,231,702,348,166 703
257 51,230,231,702,348,166,703 704
257 701,51,231,702,348,166,703,704 168
257 701,51,231,702,348,166,703,704,168 705
258 90 706
259 81 616
259 81,616 544
259 81,616,544 84
259 81,616,544,84 86
259 81,616,544,84,86 87
259 51,616,544,84,86,87 707
260 644 54
260 644,54 5
260 644,54,5 58
260 644,54,5,58 467
260 644,54,5,58,467 11
260 51,54,5,58,467,11 60
260 51,54,5,58,467,11,60 468
260 644,51,5,58,467,11,60,468 436
260 644,51,5,58,467,11,60,468,436 470
260 644,51,5,58,467,11,60,468,436,470 228
260 644,51,5,58,467,11,60,468,436,470,228 437
261 708 695
262 55 44
262 55,44 709
262 55,44,709 8
262 55,44,709,8 46
262 55,44,709,8,46 710
262 51,44,709,8,46,710 711
262 51,44,709,8,46,710,711 11
262 55,51,709,8,46,710,711,11 435
262 55,51,709,8,46,710,711,11,435 470
262 55,51,709,8,46,710,711,11,435,470 511
262 55,51,709,8,46,710,711,11,435,470,511 712
262 55,51,709,8,46,710,711,11,435,470,511,712 437
263 136 31
263 136,31 102
263 136,31,102 314
263 136,31,102,314 357
263 136,31,102,314,357 33
263 51,31,102,314,357,33 34
263 51,31,102,314,357,33,34 274
264 380 381
264 380,381 713
264 380,381,713 649
264 380,381,713,649 714
265 170 136
265 170,136 220
265 170,136,220 76
265 170,136,220,76 32
265 170,136,220,76,32 715
265 51,136,220,76,32,715 137
265 51,136,220,76,32,715,137 236
265 170,51,220,76,32,715,137,236 138
265 170,51,220,76,32,715,137,236,138 215
266 392 15
266 392,15 361
266 392,15,361 604
266 392,15,361,604 423
266 392,15,361,604,423 17
266 51,15,361,604,423,17 365
266 51,15,361,604,423,17,365 716
267 146 147
267 146,147 717
267 146,147,717 69
267 146,147,717,69 718
268 218 719
269 720 721
270 201 30
270 201,30 31
270 201,30,31 102
270 201,30,31,102 338
270 201,30,31,102,338 373
270 51,30,31,102,338,373 374
270 51,30,31,102,338,373,374 266
270 201,51,31,102,338,373,374,266 35
270 201,51,31,102,338,373,374,266,35 213
270 201,51,31,102,338,373,374,266,35,213 36
270 201,51,31,102,338,373,374,266,35,213,36 79
271 722 723
271 722,723 724
272 372 357
272 372,357 34
272 372,357,34 266
272 372,357,34,266 103
272 372,357,34,266,103 236
272 51,357,34,266,103,236 77
272 51,357,34,266,103,236,77 37
273 725 726
273 725,726 727
274 188 110
274 188,110 112
274 188,110,112 481
274 188,110,112,481 272
274 188,110,112,481,272 389
274 51,110,112,481,272,389 198
274 51,110,112,481,272,389,198 674
274 188,51,112,481,272,389,198,674 119
274 188,51,112,481,272,389,198,674,119 193
275 121 122
275 121,122 251
275 121,122,251 378
275 121,122,251,378 150
275 121,122,251,378,150 253
275 51,122,251,378,150,253 151
275 51,122,251,378,150,253,151 128
275 121,51,251,378,150,253,151,128 224
275 121,51,251,378,150,253,151,128,224 728
276 729 523
276 729,523 730
276 729,523,730 731
276 729,523,730,731 732
276 729,523,730,731,732 733
277 121 405
277 121,405 326
277 121,405,326 411
277 121,405,326,411 303
277 121,405,326,411,303 253
277 51,405,326,411,303,253 127
277 51,405,326,411,303,253,127 406
278 734 57
278 734,57 45
278 734,57,45 6
278 734,57,45,6 46
278 734,57,45,6,46 487
278 51,57,45,6,46,487 48
278 51,57,45,6,46,487,48 59
278 734,51,45,6,46,487,48,59 184
278 734,51,45,6,46,487,48,59,184 468
278 734,51,45,6,46,487,48,59,184,468 61
278 734,51,45,6,46,487,48,59,184,468,61 228
279 360 324
279 360,324 735
279 360,324,735 17
279 360,324,735,17 424
279 360,324,735,17,424 394
280 53 44
280 53,44 5
280 53,44,5 8
280 53,44,5,8 736
280 53,44,5,8,736 184
280 51,44,5,8,736,184 621
280 51,44,5,8,736,184,621 469
280 53,51,5,8,736,184,621,469 737
280 53,51,5,8,736,184,621,469,737 63
280 53,51,5,8,736,184,621,469,737,63 512
281 149 222
281 149,222 571
281 149,222,571 302
281 149,222,571,302 303
281 149,222,571,302,303 151
281 51,222,571,302,303,151 128
281 51,222,571,302,303,151,128 304
281 149,51,571,302,303,151,128,304 130
281 149,51,571,302,303,151,128,304,130 131
281 149,51,571,302,303,151,128,304,130,131 132
282 136 289
282 136,289 314
282 136,289,314 33
282 136,289,314,33 35
282 136,289,314,33,35 236
282 51,289,314,33,35,236 36
282 51,289,314,33,35,236,36 274
282 136,51,314,33,35,236,36,274 38
283 738 626
283 738,626 739
283 738,626,739 740
283 738,626,739,740 741
284 392 742
284 392,742 361
284 392,742,361 458
284 392,742,361,458 307
284 392,742,361,458,307 605
284 51,742,361,458,307,605 17
285 44 743
285 44,743 7
285 44,743,7 466
285 44,743,7,466 736
285 44,743,7,466,736 58
285 51,743,7,466,736,58 744
285 51,743,7,466,736,58,744 467
285 44,51,7,466,736,58,744,467 376
285 44,51,7,466,736,58,744,467,376 745
285 44,51,7,466,736,58,744,467,376,745 52
286 2 54
286 2,54 486
286 2,54,486 55
286 2,54,486,55 44
286 2,54,486,55,44 709
286 51,54,486,55,44,709 46
286 51,54,486,55,44,709,46 155
286 2,51,486,55,44,709,46,155 11
286 2,51,486,55,44,709,46,155,11 242
286 2,51,486,55,44,709,46,155,11,242 469
287 15 602
287 15,602 307
287 15,602,307 746
287 15,602,307,746 17
287 15,602,307,746,17 747
288 644 317
288 644,317 734
288 644,317,734 44
288 644,317,734,44 318
288 644,317,734,44,318 6
288 51,317,734,44,318,6 710
288 51,317,734,44,318,6,710 152
288 644,51,734,44,318,6,710,152 9
288 644,51,734,44,318,6,710,152,9 153
288 644,51,734,44,318,6,710,152,9,153 58
288 644,51,734,44,318,6,710,152,9,153,58 11
288 644,51,734,44,318,6,710,152,9,153,58,11 697
289 644 375
289 644,375 486
289 644,375,486 57
289 644,375,486,57 5
289 644,375,486,57,5 152
289 51,375,486,57,5,152 154
289 51,375,486,57,5,152,154 155
289 644,51,486,57,5,152,154,155 11
289 644,51,486,57,5,152,154,155,11 63
289 644,51,486,57,5,152,154,155,11,63 512
290 64 65
290 64,65 133
290 64,65,133 748
291 749 750
291 749,750 751
291 749,750,751 752
291 749,750,751,752 753
292 513 754
293 755 177
293 755,177 251
293 755,177,251 302
293 755,177,251,302 126
293 755,177,251,302,126 127
293 51,177,251,302,126,127 530
293 51,177,251,302,126,127,530 128
293 755,51,251,302,126,127,530,128 756
293 755,51,251,302,126,127,530,128,756 304
293 755,51,251,302,126,127,530,128,756,304 354
293 755,51,251,302,126,127,530,128,756,304,354 420
293 755,51,251,302,126,127,530,128,756,304,354,420 757
293 755,51,251,302,126,127,530,128,756,304,354,420,757 758
294 313 31
294 313,31 314
294 313,31,314 32
294 313,31,314,32 288
294 313,31,314,32,288 35
294 51,31,314,32,288,35 236
294 51,31,314,32,288,35,236 36
294 313,51,314,32,288,35,236,36 79
295 490 736
295 490,736 226
295 490,736,226 58
295 490,736,226,58 759
295 490,736,226,58,759 50
295 51,736,226,58,759,50 435
295 51,736,226,58,759,50,435 470
295 490,51,226,58,759,50,435,470 512
295 490,51,226,58,759,50,435,470,512 760
296 163 229
296 163,229 761
296 163,229,761 230
296 163,229,761,230 762
296 163,229,761,230,762 167
297 177 222
297 177,222 327
297 177,222,327 151
297 177,222,327,151 127
297 177,222,327,151,127 128
297 51,222,327,151,127,128 224
297 51,222,327,151,127,128,224 254
298 31 234
298 31,234 34
298 31,234,34 235
298 31,234,34,235 214
298 31,234,34,235,214 138
298 51,234,34,235,214,138 37
298 51,234,34,235,214,138,37 489
299 336 496
299 336,496 337
299 336,496,337 718
299 336,496,337,718 763
299 336,496,337,718,763 75
299 51,496,337,718,763,75 764
300 765 300
300 765,300 766
300 765,300,766 577
300 765,300,766,577 20
300 765,300,766,577,20 688
301 44 56
301 44,56 5
301 44,56,5 46
301 44,56,5,46 183
301 44,56,5,46,183 744
301 51,56,5,46,183,744 184
301 51,56,5,46,183,744,184 228
301 44,51,5,46,183,744,184,228 511
302 186 188
302 186,188 481
302 186,188,481 248
302 186,188,481,248 271
302 186,188,481,248,271 272
302 51,188,481,248,271,272 116
302 51,188,481,248,271,272,116 191
303 367 442
303 367,442 519
303 367,442,519 475
303 367,442,519,475 544
303 367,442,519,475,544 561
303 51,442,519,475,544,561 292
303 51,442,519,475,544,561,292 520
304 626 739
304 626,739 627
304 626,739,627 141
304 626,739,627,141 142
304 626,739,627,141,142 767
304 51,739,627,141,142,767 768
305 769 770
305 769,770 771
305 769,770,771 557
306 186 245
306 186,245 187
306 186,245,187 188
306 186,245,187,188 772
306 186,245,187,188,772 190
306 51,245,187,188,772,190 116
306 51,245,187,188,772,190,116 452
306 186,51,187,188,772,190,116,452 191
306 186,51,187,188,772,190,116,452,191 773
306 186,51,187,188,772,190,116,452,191,773 389
306 186,51,187,188,772,190,116,452,191,773,389 250
306 186,51,187,188,772,190,116,452,191,773,389,250 453
307 156 136
307 156,136 30
307 156,136,30 313
307 156,136,30,313 31
307 156,136,30,313,31 102
308 30 32
308 30,32 265
308 30,32,265 315
308 30,32,265,315 157
308 30,32,265,315,157 33
308 51,32,265,315,157,33 106
308 51,32,265,315,157,33,106 77
308 30,51,265,315,157,33,106,77 216
308 30,51,265,315,157,33,106,77,216 36
309 66 67
309 66,67 134
309 66,67,134 771
309 66,67,134,771 774
310 775 331
310 775,331 776
310 775,331,776 27
310 775,331,776,27 465
310 775,331,776,27,465 590
310 51,331,776,27,465,590 28
310 51,331,776,27,465,590,28 777
310 775,51,776,27,465,590,28,777 778
311 779 780
312 404 639
312 404,639 186
312 404,639,186 188
312 404,639,186,188 270
312 404,639,186,188,270 115
312 51,639,186,188,270,115 271
312 51,639,186,188,270,115,271 389
312 404,51,186,188,270,115,271,389 781
312 404,51,186,188,270,115,271,389,781 782
313 392 14
313 392,14 15
313 392,14,15 783
313 392,14,15,783 307
313 392,14,15,783,307 308
313 51,14,15,783,307,308 784
313 51,14,15,783,307,308,784 682
314 413 785
315 786 14
315 786,14 15
315 786,14,15 783
315 786,14,15,783 362
315 786,14,15,783,362 363
315 51,14,15,783,362,363 307
315 51,14,15,783,362,363,307 364
315 786,51,15,783,362,363,307,364 308
315 786,51,15,783,362,363,307,364,308 784
316 787 788
317 121 122
317 121,122 150
317 121,122,150 303
317 121,122,150,303 223
318 186 542
318 186,542 481
318 186,542,481 248
318 186,542,481,248 116
318 186,542,481,248,116 191
318 51,542,481,248,116,191 250
318 51,542,481,248,116,191,250 789
319 786 359
319 786,359 457
319 786,359,457 15
319 786,359,457,15 603
319 786,359,457,15,603 307
320 280 102
320 280,102 715
320 280,102,715 266
320 280,102,715,266 339
320 280,102,715,266,339 158
320 51,102,715,266,339,158 216
320 51,102,715,266,339,158,216 138
320 280,51,715,266,339,158,216,138 36
321 29 30
321 29,30 31
321 29,30,31 35
321 29,30,31,35 236
321 29,30,31,35,236 138
321 51,30,31,35,236,138 36
321 51,30,31,35,236,138,36 79
321 29,51,31,35,236,138,36,79 174
322 522 730
322 522,730 790
322 522,730,790 732
322 522,730,790,732 791
323 22 24
323 22,24 594
323 22,24,594 27
323 22,24,594,27 596
323 22,24,594,27,596 461
324 404 660
324 404,660 188
324 404,660,188 792
324 404,660,188,792 112
324 404,660,188,792,112 115
324 51,660,188,792,112,115 248
324 51,660,188,792,112,115,248 116
324 404,51,188,792,112,115,248,116 781
324 404,51,188,792,112,115,248,116,781 482
324 404,51,188,792,112,115,248,116,781,482 675
325 793 794
326 786 360
326 786,360 306
326 786,360,306 307
326 786,360,306,307 364
326 786,360,306,307,364 605
326 51,360,306,307,364,605 17
326 51,360,306,307,364,605,17 424
326 786,51,306,307,364,605,17,424 308
327 415 795
327 415,795 259
327 415,795,259 260
328 156 30
328 156,30 31
328 156,30,31 102
328 156,30,31,102 234
328 156,30,31,102,234 315
328 51,30,31,102,234,315 35
328 51,30,31,102,234,315,35 78
328 156,51,31,102,234,315,35,78 37
329 209 30
329 209,30 313
329 209,30,313 31
329 209,30,313,31 102
329 209,30,313,31,102 76
329 51,30,313,31,102,76 215
329 51,30,313,31,102,76,215 38
329 209,51,313,31,102,76,215,38 489
330 660 186
330 660,186 282
330 660,186,282 188
330 660,186,282,188 270
330 660,186,282,188,270 110
330 51,186,282,188,270,110 116
330 51,186,282,188,270,110,116 191
330 660,51,282,188,270,110,116,191 198
330 660,51,282,188,270,110,116,191,198 250
330 660,51,282,188,270,110,116,191,198,250 453
331 156 29
331 156,29 30
331 156,29,30 31
331 156,29,30,31 102
331 156,29,30,31,102 671
331 51,29,30,31,102,671 137
331 51,29,30,31,102,671,137 288
331 156,51,30,31,102,671,137,288 267
331 156,51,30,31,102,671,137,288,267 172
331 156,51,30,31,102,671,137,288,267,172 213
331 156,51,30,31,102,671,137,288,267,172,213 214
331 156,51,30,31,102,671,137,288,267,172,213,214 796
331 156,51,30,31,102,671,137,288,267,172,213,214,796 489
332 634 797
333 798 799
334 156 30
334 156,30 31
334 156,30,31 102
334 156,30,31,102 32
334 156,30,31,102,32 715
334 51,30,31,102,32,715 33
334 51,30,31,102,32,715,33 158
334 156,51,31,102,32,715,33,158 138
335 289 30
335 289,30 31
335 289,30,31 800
335 289,30,31,800 171
335 289,30,31,800,171 35
335 51,30,31,800,171,35 796
335 51,30,31,800,171,35,796 174
335 289,51,31,800,171,35,796,174 108
335 289,51,31,800,171,35,796,174,108 417
335 289,51,31,800,171,35,796,174,108,417 38
336 742 15
336 742,15 324
336 742,15,324 307
336 742,15,324,307 801
336 742,15,324,307,801 17
337 802 121
337 802,121 222
337 802,121,222 253
337 802,121,222,253 126
337 802,121,222,253,126 223
337 51,121,222,253,126,223 151
337 51,121,222,253,126,223,151 128
337 802,51,222,253,126,223,151,128 179
337 802,51,222,253,126,223,151,128,179 354
337 802,51,222,253,126,223,151,128,179,354 419
338 548 803
338 548,803 89
339 729 523
339 729,523 730
339 729,523,730 804
339 729,523,730,804 805
339 729,523,730,804,805 806
339 51,523,730,804,805,806 807
340 14 551
340 14,551 458
340 14,551,458 307
340 14,551,458,307 364
340 14,551,458,307,364 808
340 51,551,458,307,364,808 308
340 51,551,458,307,364,808,308 623
341 344 102
341 344,102 76
341 344,102,76 287
341 344,102,76,287 172
341 344,102,76,287,172 35
342 186 188
342 186,188 270
342 186,188,270 110
342 186,188,270,110 284
342 186,188,270,110,284 271
342 51,188,270,110,284,271 116
342 51,188,270,110,284,271,116 118
342 186,51,270,110,284,271,116,118 119
343 809 25
343 809,25 810
343 809,25,810 27
343 809,25,810,27 465
344 186 282
344 186,282 188
344 186,282,188 111
344 186,282,188,111 642
344 186,282,188,111,642 116
344 51,282,188,111,642,116 388
344 51,282,188,111,642,116,388 191
344 186,51,188,111,642,116,388,191 781
344 186,51,188,111,642,116,388,191,781 675
344 186,51,188,111,642,116,388,191,781,675 334
345 375 225
345 375,225 152
345 375,225,152 154
345 375,225,152,154 240
345 375,225,152,154,240 48
345 51,225,152,154,240,48 11
345 51,225,152,154,240,48,11 241
345 375,51,152,154,240,48,11,241 680
346 811 812
346 811,812 813
347 814 14
347 814,14 551
347 814,14,551 815
347 814,14,551,815 307
347 814,14,551,815,307 325
347 51,14,551,815,307,325 816
347 51,14,551,815,307,325,816 808
348 121 222
348 121,222 122
348 121,222,122 328
348 121,222,122,328 125
348 121,222,122,328,125 252
348 51,222,122,328,125,252 151
348 51,222,122,328,125,252,151 127
348 121,51,122,328,125,252,151,127 128
348 121,51,122,328,125,252,151,127,128 406
348 121,51,122,328,125,252,151,127,128,406 304
348 121,51,122,328,125,252,151,127,128,406,304 354
348 121,51,122,328,125,252,151,127,128,406,304,354 255
349 194 660
349 194,660 186
349 194,660,186 188
349 194,660,186,188 270
349 194,660,186,188,270 246
349 51,660,186,188,270,246 284
349 51,660,186,188,270,246,284 115
349 194,51,186,188,270,246,284,115 191
349 194,51,186,188,270,246,284,115,191 389
350 817 729
350 817,729 525
350 817,729,525 818
351 819 820
352 644 46
352 644,46 47
352 644,46,47 226
352 644,46,47,226 58
352 644,46,47,226,58 744
352 51,46,47,226,58,744 376
352 51,46,47,226,58,744,376 435
352 644,51,47,226,58,744,376,435 228
352 644,51,47,226,58,744,376,435,228 512
353 29 474
353 29,474 31
353 29,474,31 102
353 29,474,31,102 545
353 29,474,31,102,545 158
353 51,474,31,102,545,158 138
353 51,474,31,102,545,158,138 36
354 186 245
354 186,245 450
354 186,245,450 188
354 186,245,450,188 110
354 186,245,450,188,110 246
354 51,245,450,188,110,246 116
354 51,245,450,188,110,246,116 196
354 186,51,450,188,110,246,116,196 191
354 186,51,450,188,110,246,116,196,191 192
355 821 331
355 821,331 776
355 821,331,776 27
355 821,331,776,27 460
355 821,331,776,27,460 595
355 51,331,776,27,460,595 465
355 51,331,776,27,460,595,465 590
355 821,51,776,27,460,595,465,590 28
355 821,51,776,27,460,595,465,590,28 822
356 380 823
356 380,823 824
356 380,823,824 825
357 149 121
357 149,121 222
357 149,121,222 122
357 149,121,222,122 328
357 149,121,222,122,328 150
357 51,121,222,122,328,150 252
357 51,121,222,122,328,150,252 151
357 149,51,222,122,328,150,252,151 406
357 149,51,222,122,328,150,252,151,406 419
357 149,51,222,122,328,150,252,151,406,419 129
358 367 544
358 367,544 84
358 367,544,84 207
358 367,544,84,207 562
358 367,544,84,207,562 208
358 51,544,84,207,562,208 539
358 51,544,84,207,562,208,539 294
359 331 463
359 331,463 26
359 331,463,26 27
359 331,463,26,27 460
359 331,463,26,27,460 590
359 51,463,26,27,460,590 822
359 51,463,26,27,460,590,822 826
360 611 367
360 611,367 442
360 611,367,442 560
360 611,367,442,560 207
360 611,367,442,560,207 87
360 51,367,442,560,207,87 521
360 51,367,442,560,207,87,521 539
361 454 187
361 454,187 188
361 454,187,188 333
361 454,187,188,333 271
361 454,187,188,333,271 116
361 51,187,188,333,271,116 198
361 51,187,188,333,271,116,198 192
361 454,51,188,333,271,116,198,192 250
361 454,51,188,333,271,116,198,192,250 827
362 290 367
362 290,367 80
362 290,367,80 828
362 290,367,80,828 519
362 290,367,80,828,519 544
362 51,367,80,828,519,544 371
362 51,367,80,828,519,544,371 87
363 829 830
364 344 31
364 344,31 210
364 344,31,210 32
364 344,31,210,32 157
364 344,31,210,32,157 715
364 51,31,210,32,157,715 33
364 51,31,210,32,157,715,33 103
364 344,51,210,32,157,715,33,103 267
364 344,51,210,32,157,715,33,103,267 592
364 344,51,210,32,157,715,33,103,267,592 35
364 344,51,210,32,157,715,33,103,267,592,35 36
364 344,51,210,32,157,715,33,103,267,592,35,36 79
364 344,51,210,32,157,715,33,103,267,592,35,36,79 109
365 738 627
365 738,627 141
365 738,627,141 831
365 738,627,141,831 142
366 31 233
366 31,233 76
366 31,233,76 32
366 31,233,76,32 265
366 31,233,76,32,265 103
366 51,233,76,32,265,103 106
366 51,233,76,32,265,103,106 35
366 31,51,76,32,265,103,106,35 236
366 31,51,76,32,265,103,106,35,236 213
366 31,51,76,32,265,103,106,35,236,213 77
366 31,51,76,32,265,103,106,35,236,213,77 138
366 31,51,76,32,265,103,106,35,236,213,77,138 36
366 31,51,76,32,265,103,106,35,236,213,77,138,36 109
366 31,51,76,32,265,103,106,35,236,213,77,138,36,109 38
367 644 734
367 644,734 44
367 644,734,44 743
367 644,734,44,743 226
367 644,734,44,743,226 48
367 51,734,44,743,226,48 58
367 51,734,44,743,226,48,58 11
367 644,51,44,743,226,48,58,11 242
367 644,51,44,743,226,48,58,11,242 469
367 644,51,44,743,226,48,58,11,242,469 228
367 644,51,44,743,226,48,58,11,242,469,228 512
368 199 485
368 199,485 29
368 199,485,29 31
368 199,485,29,31 281
368 199,485,29,31,281 105
368 51,485,29,31,281,105 103
368 51,485,29,31,281,105,103 35
368 199,51,29,31,281,105,103,35 832
369 833 834
370 835 413
370 835,413 836
370 835,413,836 837
370 835,413,836,837 838
371 14 551
371 14,551 362
371 14,551,362 307
371 14,551,362,307 839
372 840 761
372 840,761 231
372 840,761,231 702
373 136 30
373 136,30 344
373 136,30,344 76
373 136,30,344,76 234
373 136,30,344,76,234 266
373 51,30,344,76,234,266 35
373 51,30,344,76,234,266,35 77
373 136,51,344,76,234,266,35,77 173
374 404 245
374 404,245 187
374 404,245,187 188
374 404,245,187,188 110
374 404,245,187,188,110 111
374 51,245,187,188,110,111 116
374 51,245,187,188,110,111,116 191
374 404,51,187,188,110,111,116,191 320
374 404,51,187,188,110,111,116,191,320 118
375 841 404
375 841,404 186
375 841,404,186 188
375 841,404,186,188 642
375 841,404,186,188,642 116
375 51,404,186,188,642,116 191
375 51,404,186,188,642,116,191 198
375 841,51,186,188,642,116,191,198 390
375 841,51,186,188,642,116,191,198,390 193
376 367 441
376 367,441 202
376 367,441,202 291
376 367,441,202,291 83
376 367,441,202,291,83 84
376 51,441,202,291,83,84 607
376 51,441,202,291,83,84,607 663
376 367,51,202,291,83,84,607,663 86
376 367,51,202,291,83,84,607,663,86 207
376 367,51,202,291,83,84,607,663,86,207 87
376 367,51,202,291,83,84,607,663,86,207,87 521
376 367,51,202,291,83,84,607,663,86,207,87,521 293
376 367,51,202,291,83,84,607,663,86,207,87,521,293 294
377 375 55
377 375,55 5
377 375,55,5 7
377 375,55,5,7 466
377 375,55,5,7,466 11
377 51,55,5,7,466,11 242
378 842 440
379 843 844
380 336 845
380 336,845 74
380 336,845,74 846
380 336,845,74,846 847
381 30 31
381 30,31 102
381 30,31,102 800
381 30,31,102,800 34
381 30,31,102,800,34 106
381 51,31,102,800,34,106 35
381 51,31,102,800,34,106,35 138
382 848 849
383 346 347
383 346,347 164
383 346,347,164 232
383 346,347,164,232 850
383 346,347,164,232,850 168
383 51,347,164,232,850,168 169
384 851 852
384 851,852 738
384 851,852,738 853
384 851,852,738,853 740
384 851,852,738,853,740 854
384 51,852,738,853,740,854 831
384 51,852,738,853,740,854,831 855
384 851,51,738,853,740,854,831,855 856
385 513 754
385 513,754 857
386 31 137
386 31,137 35
386 31,137,35 158
386 31,137,35,158 274
387 858 718
387 858,718 763
387 858,718,763 75
387 858,718,763,75 764
388 644 679
388 644,679 587
388 644,679,587 44
388 644,679,587,44 56
388 644,679,587,44,56 588
388 51,679,587,44,56,588 183
388 51,679,587,44,56,588,183 11
388 644,51,587,44,56,588,183,11 61
389 170 485
389 170,485 30
389 170,485,30 31
389 170,485,30,31 76
389 170,485,30,31,76 715
389 51,485,30,31,76,715 137
389 51,485,30,31,76,715,137 103
389 170,51,30,31,76,715,137,103 236
389 170,51,30,31,76,715,137,103,236 138
389 170,51,30,31,76,715,137,103,236,138 274
389 170,51,30,31,76,715,137,103,236,138,274 109
390 377 121
390 377,121 405
390 377,121,405 177
390 377,121,405,177 122
390 377,121,405,177,122 326
390 51,121,405,177,122,326 124
390 51,121,405,177,122,326,124 151
390 377,51,405,177,122,326,124,151 128
390 377,51,405,177,122,326,124,151,128 179
390 377,51,405,177,122,326,124,151,128,179 304
390 377,51,405,177,122,326,124,151,128,179,304 354
391 551 324
391 551,324 363
391 551,324,363 307
391 551,324,363,307 325
392 859 5
392 859,5 183
392 859,5,183 10
392 859,5,183,10 155
392 859,5,183,10,155 435
392 51,5,183,10,155,435 469
392 51,5,183,10,155,435,469 228
392 859,51,183,10,155,435,469,228 860
393 861 730
393 861,730 862
393 861,730,862 790
393 861,730,862,790 863
393 861,730,862,790,863 864
394 865 626
394 865,626 142
394 865,626,142 855
395 4 734
395 4,734 318
395 4,734,318 45
395 4,734,318,45 9
395 4,734,318,45,9 487
395 51,734,318,45,9,487 59
395 51,734,318,45,9,487,59 435
395 4,51,318,45,9,487,59,435 242
395 4,51,318,45,9,487,59,435,242 584
395 4,51,318,45,9,487,59,435,242,584 437
396 866 793
397 380 823
397 380,823 867
398 868 869
398 868,869 870
398 868,869,870 871
398 868,869,870,871 572
398 868,869,870,871,572 548
398 51,869,870,871,572,548 549
399 102 281
399 102,281 314
399 102,281,314 32
399 102,281,314,32 234
399 102,281,314,32,234 287
399 51,281,314,32,234,287 34
399 51,281,314,32,234,287,34 137
399 102,51,314,32,234,287,34,137 221
399 102,51,314,32,234,287,34,137,221 872
399 102,51,314,32,234,287,34,137,221,872 79
399 102,51,314,32,234,287,34,137,221,872,79 175
400 44 490
400 44,490 226
400 44,490,226 183
400 44,490,226,183 11
400 44,490,226,183,11 184
400 51,490,226,183,11,184 61
401 229 840
401 229,840 165
401 229,840,165 166
401 229,840,165,166 168
401 229,840,165,166,168 873
402 359 14
402 359,14 363
402 359,14,363 307
402 359,14,363,307 17
403 874 875
404 611 367
404 611,367 80
404 611,367,80 369
404 611,367,80,369 519
404 611,367,80,369,519 87
404 51,367,80,369,519,87 293
404 51,367,80,369,519,87,293 294
404 611,51,80,369,519,87,293,294 876
405 377 177
405 377,177 327
405 377,177,327 124
405 377,177,327,124 253
405 377,177,327,124,253 126
405 51,177,327,124,253,126 127
405 51,177,327,124,253,126,127 254
405 377,51,327,124,253,126,127,254 406
405 377,51,327,124,253,126,127,254,406 419
406 340 505
407 121 405
407 121,405 222
407 121,405,222 122
407 121,405,222,122 251
407 121,405,222,122,251 327
407 51,405,222,122,251,327 328
407 51,405,222,122,251,327,328 877
407 121,51,222,122,251,327,328,877 151
407 121,51,222,122,251,327,328,877,151 127
408 375 878
408 375,878 5
408 375,878,5 58
408 375,878,5,58 11
408 375,878,5,58,11 469
409 176 405
409 176,405 177
409 176,405,177 122
409 176,405,177,122 251
409 176,405,177,122,251 302
409 51,405,177,122,251,302 327
409 51,405,177,122,251,302,327 411
409 176,51,177,122,251,302,327,411 151
409 176,51,177,122,251,302,327,411,151 127
409 176,51,177,122,251,302,327,411,151,127 128
410 268 879
411 112 481
411 112,481 880
411 112,481,880 248
411 112,481,880,248 272
411 112,481,880,248,272 116
411 51,481,880,248,272,116 191
411 51,481,880,248,272,116,191 389
411 112,51,880,248,272,116,191,389 198
411 112,51,880,248,272,116,191,389,198 192
412 380 381
412 380,381 382
412 380,381,382 823
412 380,381,382,823 713
412 380,381,382,823,713 648
412 51,381,382,823,713,648 881
412 51,381,382,823,713,648,881 882
412 380,51,382,823,713,648,881,882 883
412 380,51,382,823,713,648,881,882,883 884
413 885 886
414 887 450
414 887,450 188
414 887,450,188 115
414 887,450,188,115 654
414 887,450,188,115,654 189
414 51,450,188,115,654,189 333
414 51,450,188,115,654,189,333 642
414 887,51,188,115,654,189,333,642 271
414 887,51,188,115,654,189,333,642,271 888
414 887,51,188,115,654,189,333,642,271,888 116
414 887,51,188,115,654,189,333,642,271,888,116 453
414 887,51,188,115,654,189,333,642,271,888,116,453 781
414 887,51,188,115,654,189,333,642,271,888,116,453,781 120
414 887,51,188,115,654,189,333,642,271,888,116,453,781,120 675
415 889 890
416 331 25
416 331,25 891
416 331,25,891 594
416 331,25,891,594 465
416 331,25,891,594,465 892
416 51,25,891,594,465,892 893
416 51,25,891,594,465,892,893 822
416 331,51,891,594,465,892,893,822 597
416 331,51,891,594,465,892,893,822,597 894
416 331,51,891,594,465,892,893,822,597,894 895
417 136 30
417 136,30 102
417 136,30,102 171
417 136,30,102,171 34
417 136,30,102,171,34 35
417 51,30,102,171,34,35 77
418 896 897
419 209 136
419 209,136 289
419 209,136,289 220
419 209,136,289,220 280
419 209,136,289,220,280 31
419 51,136,289,220,280,31 102
419 51,136,289,220,280,31,102 171
419 209,51,289,220,280,31,102,171 33
419 209,51,289,220,280,31,102,171,33 287
419 209,51,289,220,280,31,102,171,33,287 288
419 209,51,289,220,280,31,102,171,33,287,288 235
419 209,51,289,220,280,31,102,171,33,287,288,235 35
419 209,51,289,220,280,31,102,171,33,287,288,235,35 236
419 209,51,289,220,280,31,102,171,33,287,288,235,35,236 158
419 209,51,289,220,280,31,102,171,33,287,288,235,35,236,158 216
419 209,136,289,51,280,31,102,171,33,287,288,235,35,236,158,216 79
419 209,136,289,51,280,31,102,171,33,287,288,235,35,236,158,216,79 108
419 209,136,289,51,280,31,102,171,33,287,288,235,35,236,158,216,79,108 400
419 209,136,289,51,280,31,102,171,33,287,288,235,35,236,158,216,79,108,400 898
420 899 295
420 899,295 900
420 899,295,900 901
420 899,295,900,901 902
421 367 202
421 367,202 903
421 367,202,903 519
421 367,202,903,519 475
421 367,202,903,519,475 83
421 51,202,903,519,475,83 535
421 51,202,903,519,475,83,535 618
421 367,51,903,519,475,83,535,618 86
421 367,51,903,519,475,83,535,618,86 87
422 176 377
422 176,377 121
422 176,377,121 122
422 176,377,121,122 178
422 176,377,121,122,178 151
422 51,377,121,122,178,151 129
422 51,377,121,122,178,151,129 130
422 176,51,121,122,178,151,129,130 757
422 176,51,121,122,178,151,129,130,757 728
423 313 31
423 313,31 102
423 313,31,102 105
423 313,31,102,105 234
423 313,31,102,105,234 158
423 51,31,102,105,234,158 216
424 471 472
425 209 211
425 209,211 76
425 209,211,76 357
425 209,211,76,357 32
425 209,211,76,357,32 315
425 51,211,76,357,32,315 545
425 51,211,76,357,32,315,545 172
425 209,51,76,357,32,315,545,172 236
425 209,51,76,357,32,315,545,172,236 77
425 209,51,76,357,32,315,545,172,236,77 237
425 209,51,76,357,32,315,545,172,236,77,237 216
425 209,51,76,357,32,315,545,172,236,77,237,216 138
425 209,51,76,357,32,315,545,172,236,77,237,216,138 36
426 336 496
426 336,496 337
426 336,496,337 718
426 336,496,337,718 763
426 336,496,337,718,763 75
426 51,496,337,718,763,75 764
427 344 102
427 344,102 904
427 344,102,904 33
427 344,102,904,33 34
427 344,102,904,33,34 35
427 51,102,904,33,34,35 236
427 51,102,904,33,34,35,236 216
427 344,51,904,33,34,35,236,216 79
427 344,51,904,33,34,35,236,216,79 400
427 344,51,904,33,34,35,236,216,79,400 38
427 344,51,904,33,34,35,236,216,79,400,38 489
428 356 31
428 356,31 281
428 356,31,281 265
428 356,31,281,265 34
428 356,31,281,265,34 77
428 51,31,281,265,34,77 37
428 51,31,281,265,34,77,37 489
428 356,51,281,265,34,77,37,489 905
429 906 907
430 908 225
430 908,225 709
430 908,225,709 57
430 908,225,709,57 5
430 908,225,709,57,5 466
430 51,225,709,57,5,466 9
430 51,225,709,57,5,466,9 154
430 908,51,709,57,5,466,9,154 184
430 908,51,709,57,5,466,9,154,184 242
430 908,51,709,57,5,466,9,154,184,242 469
430 908,51,709,57,5,466,9,154,184,242,469 228
431 717 496
431 717,496 498
431 717,496,498 718
431 717,496,498,718 909
431 717,496,498,718,909 763
431 51,496,498,718,909,763 659
432 738 626
432 738,626 740
432 738,626,740 142
432 738,626,740,142 910
432 738,626,740,142,910 911
433 121 122
433 121,122 150
433 121,122,150 252
433 121,122,150,252 151
434 543 367
434 543,367 80
434 543,367,80 291
434 543,367,80,291 369
434 543,367,80,291,369 475
434 51,367,80,291,369,475 533
434 51,367,80,291,369,475,533 520
434 543,51,80,291,369,475,533,520 87
434 543,51,80,291,369,475,533,520,87 562
434 543,51,80,291,369,475,533,520,87,562 912
435 415 501
435 415,501 913
436 367 202
436 367,202 81
436 367,202,81 544
436 367,202,81,544 84
436 367,202,81,544,84 533
436 51,202,81,544,84,533 370
436 51,202,81,544,84,533,370 87
437 290 914
437 290,914 612
437 290,914,612 202
437 290,914,612,202 915
437 290,914,612,202,915 80
437 51,914,612,202,915,80 444
437 51,914,612,202,915,80,444 84
437 290,51,612,202,915,80,444,84 87
438 916 917
439 779 918
440 919 852
440 919,852 412
440 919,852,412 920
441 694 186
441 694,186 188
441 694,186,188 792
441 694,186,188,792 112
441 694,186,188,792,112 542
441 51,186,188,792,112,542 115
441 51,186,188,792,112,542,115 116
441 694,51,188,792,112,542,115,116 191
441 694,51,188,792,112,542,115,116,191 198
441 694,51,188,792,112,542,115,116,191,198 250
441 694,51,188,792,112,542,115,116,191,198,250 391
441 694,51,188,792,112,542,115,116,191,198,250,391 334
442 367 441
442 367,441 369
442 367,441,369 921
442 367,441,369,921 519
442 367,441,369,921,519 206
442 51,441,369,921,519,206 84
442 51,441,369,921,519,206,84 561
442 367,51,369,921,519,206,84,561 370
443 244 187
443 244,187 110
443 244,187,110 645
443 244,187,110,645 112
443 244,187,110,645,112 115
443 51,187,110,645,112,115 189
443 51,187,110,645,112,115,189 190
443 244,51,110,645,112,115,189,190 116
443 244,51,110,645,112,115,189,190,116 625
444 568 922
445 640 186
445 640,186 282
445 640,186,282 115
445 640,186,282,115 190
445 640,186,282,115,190 333
445 51,186,282,115,190,333 781
445 51,186,282,115,190,333,781 334
446 225 44
446 225,44 5
446 225,44,5 487
446 225,44,5,487 227
446 225,44,5,487,227 155
446 51,44,5,487,227,155 923
446 51,44,5,487,227,155,923 435
446 225,51,5,487,227,155,923,435 228
446 225,51,5,487,227,155,923,435,228 584
447 30 102
447 30,102 281
447 30,102,281 171
447 30,102,281,171 357
447 30,102,281,171,357 157
447 51,102,281,171,357,157 34
447 51,102,281,171,357,157,34 592
447 30,51,281,171,357,157,34,592 35
447 30,51,281,171,357,157,34,592,35 37
447 30,51,281,171,357,157,34,592,35,37 108
447 30,51,281,171,357,157,34,592,35,37,108 175
447 30,51,281,171,357,157,34,592,35,37,108,175 898
447 30,51,281,171,357,157,34,592,35,37,108,175,898 567
448 331 924
448 331,924 891
448 331,924,891 594
448 331,924,891,594 776
448 331,924,891,594,776 589
448 51,924,891,594,776,589 925
448 51,924,891,594,776,589,925 926
448 331,51,891,594,776,589,925,926 927
449 14 602
449 14,602 928
449 14,602,928 307
449 14,602,928,307 364
449 14,602,928,307,364 929
449 51,602,928,307,364,929 839
450 611 367
450 611,367 202
450 611,367,202 930
450 611,367,202,930 80
450 611,367,202,930,80 615
450 51,367,202,930,80,615 87
450 51,367,202,930,80,615,87 931
451 392 814
451 392,814 456
451 392,814,456 360
451 392,814,456,360 16
451 392,814,456,360,16 928
451 51,814,456,360,16,928 325
452 146 69
452 146,69 932
452 146,69,932 933
452 146,69,932,933 499
452 146,69,932,933,499 846
452 51,69,932,933,499,846 934
452 51,69,932,933,499,846,934 75
453 188 112
453 188,112 542
453 188,112,542 190
453 188,112,542,190 880
453 188,112,542,190,880 192
453 51,112,542,190,880,192 120
453 51,112,542,190,880,192,120 482
454 543 443
454 543,443 475
454 543,443,475 561
454 543,443,475,561 533
454 543,443,475,561,533 410
454 51,443,475,561,533,410 87
454 51,443,475,561,533,410,87 935
454 543,51,475,561,533,410,87,935 562
454 543,51,475,561,533,410,87,935,562 608
454 543,51,475,561,533,410,87,935,562,608 477
454 543,51,475,561,533,410,87,935,562,608,477 539
455 53 5
455 53,5 490
455 53,5,490 8
455 53,5,490,8 46
455 53,5,490,8,46 736
455 51,5,490,8,46,736 710
455 51,5,490,8,46,736,710 49
455 53,51,490,8,46,736,710,49 11
455 53,51,490,8,46,736,710,49,11 376
455 53,51,490,8,46,736,710,49,11,376 228
455 53,51,490,8,46,736,710,49,11,376,228 437
455 53,51,490,8,46,736,710,49,11,376,228,437 512
456 30 102
456 30,102 211
456 30,102,211 33
456 30,102,211,33 34
456 30,102,211,33,34 266
456 51,102,211,33,34,266 103
456 51,102,211,33,34,266,103 35
456 30,51,211,33,34,266,103,35 77
457 465 589
457 465,589 925
457 465,589,925 936
458 121 125
458 121,125 303
458 121,125,303 127
458 121,125,303,127 128
458 121,125,303,127,128 756
458 51,125,303,127,128,756 129
458 51,125,303,127,128,756,129 937
458 121,51,303,127,128,756,129,937 757
458 121,51,303,127,128,756,129,937,757 407
459 609 938
460 404 186
460 404,186 115
460 404,186,115 481
460 404,186,115,481 190
460 404,186,115,481,190 271
460 51,186,115,481,190,271 272
460 51,186,115,481,190,271,272 191
460 404,51,115,481,190,271,272,191 250
460 404,51,115,481,190,271,272,191,250 453
460 404,51,115,481,190,271,272,191,250,453 781
460 404,51,115,481,190,271,272,191,250,453,781 675
461 270 110
461 270,110 115
461 270,110,115 481
461 270,110,115,481 190
461 270,110,115,481,190 248
461 51,110,115,481,190,248 271
461 51,110,115,481,190,248,271 116
462 939 940
462 939,940 136
462 939,940,136 220
462 939,940,136,220 31
462 939,940,136,220,31 374
462 51,940,136,220,31,374 234
462 51,940,136,220,31,374,234 103
462 939,51,136,220,31,374,234,103 488
462 939,51,136,220,31,374,234,103,488 35
462 939,51,136,220,31,374,234,103,488,35 491
462 939,51,136,220,31,374,234,103,488,35,491 236
462 939,51,136,220,31,374,234,103,488,35,491,236 213
462 939,51,136,220,31,374,234,103,488,35,491,236,213 158
462 939,51,136,220,31,374,234,103,488,35,491,236,213,158 173
462 939,51,136,220,31,374,234,103,488,35,491,236,213,158,173 216
462 939,940,136,51,31,374,234,103,488,35,491,236,213,158,173,216 36
462 939,940,136,51,31,374,234,103,488,35,491,236,213,158,173,216,36 79
462 939,940,136,51,31,374,234,103,488,35,491,236,213,158,173,216,36,79 489
462 939,940,136,51,31,374,234,103,488,35,491,236,213,158,173,216,36,79,489 567
463 156 356
463 156,356 30
463 156,356,30 313
463 156,356,30,313 31
463 156,356,30,313,31 102
463 51,356,30,313,31,102 800
463 51,356,30,313,31,102,800 109
464 225 941
464 225,941 681
464 225,941,681 44
464 225,941,681,44 709
464 225,941,681,44,709 7
464 51,941,681,44,709,7 58
464 51,941,681,44,709,7,58 241
465 859 225
465 859,225 734
465 859,225,734 5
465 859,225,734,5 588
465 859,225,734,5,588 736
465 51,225,734,5,588,736 240
465 51,225,734,5,588,736,240 155
465 859,51,734,5,588,736,240,155 11
465 859,51,734,5,588,736,240,155,11 241
465 859,51,734,5,588,736,240,155,11,241 242
466 380 942
466 380,942 381
466 380,942,381 382
466 380,942,381,382 650
466 380,942,381,382,650 943
467 944 945
468 53 486
468 53,486 941
468 53,486,941 5
468 53,486,941,5 8
468 53,486,941,5,8 152
468 51,486,941,5,8,152 183
468 51,486,941,5,8,152,183 11
468 53,51,941,5,8,152,183,11 469
468 53,51,941,5,8,152,183,11,469 946
469 30 210
469 30,210 671
469 30,210,671 33
469 30,210,671,33 107
469 30,210,671,33,107 214
469 51,210,671,33,107,214 37
469 51,210,671,33,107,214,37 175
469 30,51,671,33,107,214,37,175 38
470 14 783
470 14,783 16
470 14,783,16 551
470 14,783,16,551 324
470 14,783,16,551,324 947
471 887 188
471 887,188 284
471 887,188,284 642
471 887,188,284,642 272
471 887,188,284,642,272 116
471 51,188,284,642,272,116 655
471 51,188,284,642,272,116,655 191
471 887,51,284,642,272,116,655,191 250
471 887,51,284,642,272,116,655,191,250 482
471 887,51,284,642,272,116,655,191,250,482 321
471 887,51,284,642,272,116,655,191,250,482,321 948
472 594 27
472 594,27 949
472 594,27,949 28
472 594,27,949,28 926
472 594,27,949,28,926 778
472 51,27,949,28,926,778 950
473 220 30
473 220,30 31
473 220,30,31 102
473 220,30,31,102 315
473 220,30,31,102,315 34
473 51,30,31,102,315,34 266
473 51,30,31,102,315,34,266 103
473 220,51,31,102,315,34,266,103 832
473 220,51,31,102,315,34,266,103,832 796
473 220,51,31,102,315,34,266,103,832,796 36
473 220,51,31,102,315,34,266,103,832,796,36 79
473 220,51,31,102,315,34,266,103,832,796,36,79 109
474 951 441
474 951,441 202
474 951,441,202 83
474 951,441,202,83 206
474 951,441,202,83,206 952
474 51,441,202,83,206,952 207
474 51,441,202,83,206,952,207 935
475 343 30
475 343,30 31
475 343,30,31 33
475 343,30,31,33 287
475 343,30,31,33,287 545
475 51,30,31,33,287,545 213
475 51,30,31,33,287,545,213 158
475 343,51,31,33,287,545,213,158 138
475 343,51,31,33,287,545,213,158,138 175
